['ComsxFac', 'ExAggFan', 'ExAggbeh', 'Exhibit', 'Fetish', 'HypSxRat', 'Inhadhd', 'JuvDelFc', 'JuvDrgFc', 'JuvaslFc', 'Masadeq', 'PAAgFan', 'PAFght', 'PAcnang', 'PCD', 'ParaRat', 'Pnchldad', 'Pnchldjv', 'Pnearex', 'Pnheter', 'Pnhomo', 'Pnvio', 'Pnvioad', 'Pnviojv', 'Sadbehr', 'Sadtot', 'Scatol', 'SxPrFAC', 'Voyeur', 'age', 'anxwom', 'attadhd', 'conchr', 'dralcadu', 'erecdys', 'genderversion', 'hoswom', 'impul', 'lkemp', 'lkprtkg', 'negmas', 'raceR', 'sadfanr', 'sxdeny', 'sxperanx']
[[34.205262752974143, 13.694807811690858, 1.4923164039736896, 12.485060189667674, 13.949748093894963, 26.321530140237808, 6.3596875243007869, 4.2518160378361944, 4.0530494901852885, 9.03703547051194, 4.2003027243156561, 12.709339601305565, 11.670285791340204, 9.6858730783572433, 8.125291429430515, 20.512041450636719, 4.757903052551681, 1.8470923026970727, 7.797725739787861, 12.592535105191727, 2.6139121429969663, 6.8476312453847763, 6.8476312453847763, 4.8177315551893223, 14.833370266392906, 16.050000872736028, 10.456208002971326, 23.630813833468583, 17.25643045843395, 2.3860814922021785, 10.103088514850034, 5.9324498788322186, 12.915597862472978, 5.0002705586772063, 8.0517008893299984, 10.768373740235829, 10.132207744721899, 14.948155156238881, -2.9681867792473375, 2.5554021866784913, 3.2759567797490394, 4.8136804259683377, 12.155238940151355, -17.953293666553353, 6.5187965062043345], [13.694807811690858, 34.23448553724738, 3.2252544042428157, 5.8086814521734214, 5.1195057640075783, 9.9188647287670673, 5.2091624638668401, 2.8987937710919347, 3.6113485924611104, 8.0717519536047959, 6.3255407513746471, 6.0398134301479303, 10.03730482298009, 14.16418807238564, 8.1807242431714009, 9.3339806616976926, 1.1447171424182385, 1.1746887018543035, 5.4830031835877833, 3.6330480455761647, 1.9777110157221067, 1.4697755223113733, 1.4697755223113733, 2.0076024820379148, 6.8541057257662219, 7.4401198151146843, 2.2213009386660758, 10.712169537316862, 6.266999621822011, -2.0765805631155771, 9.6962722520806306, 3.5124087610250041, 8.6020852015526508, 5.3740201593829982, 6.093725291309025, -1.3721954563000365, 7.1976381825705227, 13.941229565591977, -4.2017364175847609, 7.4757460157578315, 4.5204635682057379, 0.43090940636151265, 3.9148205911991876, -10.202701243992857, 8.1900008255856775], [1.4923164039736896, 3.2252544042428157, 24.103941586387901, 15.332239336307342, 10.697664645195687, -1.459502893284411, 0.15018441867757523, 1.6285665047072226, -0.78424991238976693, -2.597469072719492, -5.58718713591424, 9.4135884389772553, 0.26438112064279062, 1.3668407483297309, 5.1308531725807995, 4.7420662731379952, 20.45763137318017, 18.436549181000913, -4.716310906236072, -9.6761676323864876, 15.121716247042356, 2.8087721899010263, 2.8087721899010263, 4.2911233914137243, 9.4913356199515011, 6.8919345188710519, 14.580541669798544, -5.1912171473056272, 8.002352333608167, 0.36968551529986182, -0.18674455197928613, 0.14826188234375176, 7.0961676145940329, -7.1710999972657401, 4.1064596337780435, 4.0724385167072361, 6.1664574013320852, 3.2125015422296834, -4.0372741257069915, 2.1445573799866366, -4.8924606701458826, 11.071197980800356, 10.360797051799334, 7.1144024938787274, 4.104474791559702], [12.485060189667674, 5.8086814521734214, 15.332239336307342, 30.149626863362677, 17.68162804922239, 10.15596073779394, 1.7692920265686372, 4.5497203797064909, 3.4466342028119885, 3.3743624893926292, -4.2208243853606362, 15.251443250655514, 7.5180404125469682, 4.3148707527501458, 6.3805856707644821, 19.729611087619311, 18.02771873742115, 14.105713769766769, 1.9965977869496401, 2.4822387402443229, 11.093346950686804, 8.184133809960759, 8.184133809960759, 7.4957490077933011, 13.952939707770538, 12.845212400184513, 18.226680557180281, 6.2116223930152961, 17.962178988042727, 2.7887202176826253, 6.5589193587442196, 3.2176239709824657, 13.449695205186226, -3.3031486430597563, 8.8107080682243275, 11.256349905013185, 8.6365985701668766, 8.7751915855200426, -4.369588504010113, 4.5065748313086935, -2.8850240373694693, 9.8125180422556522, 16.178931880948603, -3.8099910730002415, 6.0477519381637919], [13.949748093894963, 5.1195057640075783, 10.697664645195687, 17.68162804922239, 34.205262752974143, 12.870584872193033, 1.422232083904408, 3.8035217969509731, 2.730255696593165, 7.3240310520320664, -1.7068240871125029, 18.710048770304198, 10.432127299980051, 3.4442075686174145, 6.5540606466282894, 24.134283820024319, 14.188487125496245, 10.176670108385389, 2.1812690369124468, 5.7617505454815729, 6.5543675525491194, 8.4997775818243237, 8.4997775818243237, 7.0512964923443073, 13.714524426776968, 14.707173623526799, 18.420054917203807, 8.633185330925965, 19.46924950699194, 5.3436206806486926, 7.3592382074228855, 3.9336373612336315, 13.902129127667747, -4.5821606646178026, 7.6799024066663018, 18.610005999603903, 11.177525168427694, 8.5122878622007878, -0.71376429203283798, 0.020697149200993217, -0.80209599695496769, 8.6744010267707505, 19.679206690800715, -5.5283696531838658, 2.3221800579569831], [26.321530140237808, 9.9188647287670673, -1.459502893284411, 10.15596073779394, 12.870584872193033, 34.26368339802363, 5.3090029255383948, 3.0287623782005473, 4.0343868617539282, 9.7952851719934397, 4.8491742362857924, 11.941902958474479, 11.796957673613816, 8.4318785768676108, 6.5116147816596133, 19.168379382499566, 3.7615777429444117, 0.31668318305537024, 7.5035331139747825, 17.416498161558323, 1.3167294029391949, 7.4267231361508861, 7.4267231361508861, 5.0668570507456288, 13.538014915732269, 15.386175425603557, 9.9186736789872061, 23.348836112809206, 16.261291217120423, 4.8521198100234066, 8.4553862583129735, 5.8981735878937558, 11.719095212552562, 3.9669417061627579, 6.6562540327432682, 13.994382243693519, 7.9923070250853083, 11.022142725268173, 0.28133167023523886, 1.175645838361379, 3.826685582283861, 4.5975768254046585, 12.657499671560441, -19.207697432614808, 3.8077472892503175], [6.3596875243007869, 5.2091624638668401, 0.15018441867757523, 1.7692920265686372, 1.422232083904408, 5.3090029255383948, 25.396850198400589, 1.3459056387072958, 3.2651461655755565, 11.702539848833794, 1.2763722951276968, 3.9887860430139126, 6.728810072627093, 9.2448996198739746, 0, 4.2107040966200717, 1.4704424096443014, 0.28939673076708111, 1.9641434707424557, 4.3821469042028411, -0.90118471389637123, 2.2836891902116752, 2.2836891902116752, 1.9871335951567131, 1.4278956778064205, 2.4576024601360094, 1.2070098452977791, 6.8933833698267897, 2.9380200128148481, 0.3418609530004118, 0.83353764636390404, 14.338123112619177, 8.7978309346678589, 4.9413566621548677, 2.1950054271677666, 2.7034443665819774, 1.3340538779243742, 10.222034221841863, -1.5115825902632825, 0.9659230118246287, 1.2300145731448071, 2.4301009802679738, 2.2161155904453254, -6.5331271878365449, 1.0650370506726374], [4.2518160378361944, 2.8987937710919347, 1.6285665047072226, 4.5497203797064909, 3.8035217969509731, 3.0287623782005473, 1.3459056387072958, 23.409399821439251, 6.9714613319412333, 8.5228059075856937, 5.8309666516676941, 4.0778749366289979, 6.1443064847767603, 1.7344415112951217, 3.5205359303849475, 4.8176514901597471, 5.2762778372428745, 4.5614112378622549, 4.6627529372216117, 4.9057320325484071, 1.3038182815133916, 2.8215329875123834, 2.8215329875123834, 2.5431391453952759, 4.5732936947151357, 4.8532079424053354, 6.2903549495005668, 2.6795777972384518, 4.5891642018544134, 3.3192513218866395, 1.4997881208675476, 0.94060450886930336, 3.720105785117346, 8.024213241976959, 4.0495429707058737, 5.5235096124162961, 8.2011004191460302, 2.5954838296414597, 2.5450351965664466, 0.8058688641480608, 7.4323645314388278, 3.4322490219453332, 3.4673396411592945, -4.5344127875367271, 2.3802832286696405], [4.0530494901852885, 3.6113485924611104, -0.78424991238976693, 3.4466342028119885, 2.730255696593165, 4.0343868617539282, 3.2651461655755565, 6.9714613319412333, 23.430749027719962, 8.4692768222410191, 4.9417345601283698, 1.7272982236563699, 6.1669834074370318, 3.9702681672962261, 3.9429721817522507, 4.0600248238564838, 0.57498250500964554, -0.14913958266652974, 6.15524940596449, 4.7568953418178763, 0.19327871008519004, 0.38030985133606143, 0.38030985133606143, 0.54502390119956856, 1.5957830226455358, 3.7745051304491235, 2.269479610047727, 4.1989605564488297, 3.2209202204847118, -0.1700282187106229, -0.21974934868695295, 1.2747813041216614, 5.2051180291382249, 16.552366129595725, 2.7579212378993945, 0.95774644801403785, 2.4230810689751339, 4.4571175706583208, 1.7638673237630169, -0.15536387532879287, 6.20653125539401, 1.3975510065477039, 3.6104174151525075, -5.7525912527213983, 1.0755097914363261], [9.03703547051194, 8.0717519536047959, -2.597469072719492, 3.3743624893926292, 7.3240310520320664, 9.7952851719934397, 11.702539848833794, 8.5228059075856937, 8.4692768222410191, 34.26368339802363, 7.4948127426754896, 10.877866335361299, 17.608607358362907, 11.16933081307354, 4.6784255327264734, 9.8168189772668519, -0.88663954980525572, -2.5045613160145694, 7.6493886316168913, 10.107629401833675, -3.1745386843634207, 2.8847591793444214, 2.8847591793444214, 2.2309616071609355, 5.133097129897366, 7.0852094333076163, 6.1336802883036743, 9.5521017753609705, 7.63053553550166, 3.7756739716418521, 4.0834112439904597, 11.147390597930684, 11.779645470727443, 9.8120316195902468, 3.2298705376310322, 10.96261075953138, 5.713412772848665, 11.110333686564134, 3.4765164996835947, 1.0623457404058545, 9.7439368736930838, 3.9319593005683049, 7.6281001454668953, -9.798392325970843, 1.4098172324260074], [4.2003027243156561, 6.3255407513746471, -5.58718713591424, -4.2208243853606362, -1.7068240871125029, 4.8491742362857924, 1.2763722951276968, 5.8309666516676941, 4.9417345601283698, 7.4948127426754896, 34.23448553724738, -2.7758747334837803, 7.6201940727070854, 2.5441359980990064, 4.1369352718990955, 2.0330160721674542, -6.5764350699646963, -5.6658100637148632, 6.3565829177974722, 8.9995802713751178, -6.4734877435801987, -0.25613850473066108, -0.25613850473066108, 1.8448849788378396, -0.081533421176871193, 1.4283454146200294, -3.1297280550299225, 6.7925602081968357, -2.079743158587763, 0.53919849349216997, -5.6640202940401254, -0.86763347977370742, 1.5250083779346673, 8.946922658149413, -0.12229883475517186, 2.2581378279526083, 4.1270063882356931, -1.5021091732170067, 7.0699980233820003, -0.62739014395062664, 14.33658855728515, -1.9634811568779302, -2.0232699580865083, -10.03701759994628, -7.1246822924068134], [12.709339601305565, 6.0398134301479303, 9.4135884389772553, 15.251443250655514, 18.710048770304198, 11.941902958474479, 3.9887860430139126, 4.0778749366289979, 1.7272982236563699, 10.877866335361299, -2.7758747334837803, 34.205262752974143, 16.847276859245198, 9.4483253590620375, 6.9685289281099694, 16.130377093715126, 12.972526680873166, 8.5409330229328422, 2.2180812504419505, 5.5755947821770713, 2.5342927024092279, 6.6729974045525129, 6.6729974045525129, 3.5171170047481612, 13.248694861900976, 13.849206527796481, 17.637663235715046, 7.2852201516587982, 18.05331715365681, 4.5291382243099036, 7.1358244764034477, 5.0269668193646, 15.978408693124994, -3.8235146299062883, 4.3528199185199874, 19.974088048722077, 10.331190418937947, 11.966732916646315, 0.79971540001060792, 0.19947411088077144, 1.4359247436945537, 9.7460963600879644, 19.042116508307668, -4.2075005646703625, 1.6159028958015271], [11.670285791340204, 10.03730482298009, 0.26438112064279062, 7.5180404125469682, 10.432127299980051, 11.796957673613816, 6.728810072627093, 6.1443064847767603, 6.1669834074370318, 17.608607358362907, 7.6201940727070854, 16.847276859245198, 34.219877264537345, 14.169809561396006, 6.3818933911410696, 12.22609200450913, 2.8163265652476128, -0.28529956683133745, 6.6815398989580075, 9.6694726317377508, -2.7618254035466316, 3.8263700809224082, 3.8263700809224082, 2.7793283986238451, 9.4190588755864866, 10.331313670891911, 9.1646988056089569, 9.0985086349670912, 10.910206471910849, 2.5982983490008009, 5.3350094172377327, 6.9716351591254089, 13.59154794905144, 5.485870002468296, 2.7086908297727654, 13.704525570395882, 10.800071603640456, 12.592749206258317, 2.3419145365229301, 2.4776243978013386, 11.668294832288387, 5.2117400165716292, 10.616522501085138, -8.1409029680722167, 3.1163318030990808], [9.6858730783572433, 14.16418807238564, 1.3668407483297309, 4.3148707527501458, 3.4442075686174145, 8.4318785768676108, 9.2448996198739746, 1.7344415112951217, 3.9702681672962261, 11.16933081307354, 2.5441359980990064, 9.4483253590620375, 14.169809561396006, 34.190641994557517, 4.3883630938119458, 7.4623111811201328, -1.0097544165139791, -0.95847490054335405, 2.9080594473828696, 5.0443202601218236, 1.1549529965601695, 0.35240226635813154, 0.35240226635813154, -0.89322755770193296, 1.9075121180035823, 3.4555168127465081, 1.9157316965072242, 12.330300047362512, 4.8374240743863179, -2.9571626174735481, 4.8394561111667453, 5.6052473423898945, 12.236564132314093, 5.5906282344722324, 3.8275120922737917, -0.15259769229300169, -0.19890524966000656, 22.320966314957158, -9.1601652332739363, 5.273064817036019, 3.8183383667724127, 1.0457012287959722, 2.8808536265529283, -11.48237558824345, 3.9641565248271742], [8.125291429430515, 8.1807242431714009, 5.1308531725807995, 6.3805856707644821, 6.5540606466282894, 6.5116147816596133, 0, 3.5205359303849475, 3.9429721817522507, 4.6784255327264734, 4.1369352718990955, 6.9685289281099694, 6.3818933911410696, 4.3883630938119458, 18.466185312619388, 7.7352833870335793, 4.2325503280892418, 3.7974105444425934, 4.9667506616737382, 6.1030862891429791, 2.8531553677197929, 5.4205009609534649, 5.4205009609534649, 5.9860164554133064, 12.138003462244892, 11.928242878420876, 5.2400299604358285, 5.6295350334571532, 8.013956363864839, 2.9393977394562203, 6.1760056715092544, 0, 5.4163710235248406, 4.6987982167851952, 5.3448046158200837, 4.7878437261162103, 8.6848293363430766, 4.8346142894993616, -0.061731108033251846, 0.82369059224270846, 5.8249274587845647, 2.1765664416623727, 8.2940879518853698, -5.3703269714620161, 5.7506388820069061], [20.512041450636719, 9.3339806616976926, 4.7420662731379952, 19.729611087619311, 24.134283820024319, 19.168379382499566, 4.2107040966200717, 4.8176514901597471, 4.0600248238564838, 9.8168189772668519, 2.0330160721674542, 16.130377093715126, 12.22609200450913, 7.4623111811201328, 7.7352833870335793, 34.205262752974143, 8.3908012065770254, 4.676555815060758, 7.4932918599680356, 12.757899502521422, 4.7201690507895471, 8.2814772430004808, 8.2814772430004808, 6.1636238578697693, 15.494179538970728, 17.40822715055679, 18.197203723625737, 17.376549802461426, 26.91883393317039, 2.916611450141116, 9.5474452965843923, 4.6662822110663615, 15.027433894725412, 1.1614348985687108, 8.8162705530071381, 15.459824262602737, 9.3816489162538002, 11.783086822125973, -1.3844406507291649, 2.049894252925426, 0.93529845603861006, 4.8362823858905015, 17.089677958809549, -14.970180978400377, 4.5059224706874765], [4.757903052551681, 1.1447171424182385, 20.45763137318017, 18.02771873742115, 14.188487125496245, 3.7615777429444117, 1.4704424096443014, 5.2762778372428745, 0.57498250500964554, -0.88663954980525572, -6.5764350699646963, 12.972526680873166, 2.8163265652476128, -1.0097544165139791, 4.2325503280892418, 8.3908012065770254, 28.948229652260256, 24.305213536051802, -1.5750651381750538, -2.185629591723949, 12.76986628810953, 10.110467396688492, 10.110467396688492, 8.7571376037885855, 10.751309512096714, 8.4009558479680031, 18.224252404158349, -3.3774823613483305, 11.686245897619408, 4.9796331123576074, 4.5135419113843875, 2.3506103969539995, 9.7048090627402086, -7.609424148685644, 6.5923804075426569, 11.518941907154694, 10.401637139097845, 3.7191802318472384, -2.2314988275073184, 3.2677320897212812, -5.4665846672043346, 13.810764166792882, 13.888106767731774, 4.9014368929756174, 5.3170461613067674], [1.8470923026970727, 1.1746887018543035, 18.436549181000913, 14.105713769766769, 10.176670108385389, 0.31668318305537024, 0.28939673076708111, 4.5614112378622549, -0.14913958266652974, -2.5045613160145694, -5.6658100637148632, 8.5409330229328422, -0.28529956683133745, -0.95847490054335405, 3.7974105444425934, 4.676555815060758, 24.305213536051802, 24.637369989509839, -1.7367962779432624, -3.963222088385741, 11.497727863179763, 5.6208964822272636, 5.6208964822272636, 6.1945774012059687, 8.2890849722651616, 6.2548523829836471, 15.744690437640038, -4.1998163152595556, 6.6227630794443133, 4.0246207656281436, 1.6754532443381895, 1.4703201507533838, 7.2424431861194742, -5.5518585446471098, 5.3435671870373431, 7.0477686400428636, 9.1258690606149671, 2.1680547850987018, -1.1892263550188469, 2.1831323797985349, -4.7479488977117805, 11.615824410355563, 10.913996668552997, 4.9003464824238794, 4.7813235536389707], [7.797725739787861, 5.4830031835877833, -4.716310906236072, 1.9965977869496401, 2.1812690369124468, 7.5035331139747825, 1.9641434707424557, 4.6627529372216117, 6.15524940596449, 7.6493886316168913, 6.3565829177974722, 2.2180812504419505, 6.6815398989580075, 2.9080594473828696, 4.9667506616737382, 7.4932918599680356, -1.5750651381750538, -1.7367962779432624, 24.9799919935936, 12.206575680060496, 3.5441364419083921, 6.4944432259323568, 6.4944432259323568, 6.5583026374627327, 2.6784133439547775, 3.7978227866919823, 0.50477663423893615, 8.9397165941228938, 5.3704865766246002, 2.2144678083234437, 5.9730000253856597, 2.4037708484408999, 4.7820362060717487, 6.9105155725405254, 4.2036694177826686, 4.5145961082680346, 4.6579958780199506, 3.3790077558629363, 1.578583904499939, -1.8013612292835197, 6.5698433784151504, 0.59570017306604306, 2.1969276065985297, -9.7571618521519561, 3.2797596114451517], [12.592535105191727, 3.6330480455761647, -9.6761676323864876, 2.4822387402443229, 5.7617505454815729, 17.416498161558323, 4.3821469042028411, 4.9057320325484071, 4.7568953418178763, 10.107629401833675, 8.9995802713751178, 5.5755947821770713, 9.6694726317377508, 5.0443202601218236, 6.1030862891429791, 12.757899502521422, -2.185629591723949, -3.963222088385741, 12.206575680060496, 30.298514815086232, -2.0933363918651913, 8.0729135061376791, 8.0729135061376791, 6.1886785540631353, 5.5897591935624309, 7.6147578038015071, 3.5033896804959253, 17.263308514460942, 10.426458142554718, 4.8825748433843739, 6.6477101324524046, 5.2805654028633997, 6.0655617347522028, 7.4871884442653052, 4.2923322737294756, 14.616183546031767, 5.7909217898920167, 4.3479369936762948, 2.8495569973373862, -0.029355833840149378, 6.283508785374921, 1.4891118877127554, 6.3194488464104763, -16.502051792947427, 0.1153634041456275], [2.6139121429969663, 1.9777110157221067, 15.121716247042356, 11.093346950686804, 6.5543675525491194, 1.3167294029391949, -0.90118471389637123, 1.3038182815133916, 0.19327871008519004, -3.1745386843634207, -6.4734877435801987, 2.5342927024092279, -2.7618254035466316, 1.1549529965601695, 2.8531553677197929, 4.7201690507895471, 12.76986628810953, 11.497727863179763, 3.5441364419083921, -2.0933363918651913, 28.948229652260256, 8.1025923828172317, 8.1025923828172317, 8.8249415025710132, 6.2950271240810141, 4.8673872285482416, 7.2842436981123573, -1.0075529897809192, 4.5102617909121481, 3.1150584176709488, 1.7199216703745757, -1.8294244748510375, 3.6390478796609749, -4.2812593412398465, 8.1945988205591043, -4.9829145827638417, -1.042722487323317, 4.2063610457912342, -7.4595093093328941, -0.19477052783112769, -4.6306538407381703, 6.4665099139580651, 6.2362464680757235, 0.65796764256752416, 3.7693598482758892], [6.8476312453847763, 1.4697755223113733, 2.8087721899010263, 8.184133809960759, 8.4997775818243237, 7.4267231361508861, 2.2836891902116752, 2.8215329875123834, 0.38030985133606143, 2.8847591793444214, -0.25613850473066108, 6.6729974045525129, 3.8263700809224082, 0.35240226635813154, 5.4205009609534649, 8.2814772430004808, 10.110467396688492, 5.6208964822272636, 6.4944432259323568, 8.0729135061376791, 8.1025923828172317, 29.32575659723036, 29.32575659723036, 25.213057452607551, 10.985107918043571, 10.712429757067738, 9.3271471425629695, 3.5869172148281518, 8.2086087271754913, 5.7610356507245841, 4.885175216601823, 1.670206666762313, 4.9407744805568559, -0.75613741283960378, 6.989091168221953, 6.240432029512589, 3.9260052152856284, 2.1518488452388467, -1.5145344615416565, 0.53855070765067514, 1.2017306088852668, 6.2678685992978425, 11.55322672122537, -3.3770556102069933, 3.6600449535526391], [6.8476312453847763, 1.4697755223113733, 2.8087721899010263, 8.184133809960759, 8.4997775818243237, 7.4267231361508861, 2.2836891902116752, 2.8215329875123834, 0.38030985133606143, 2.8847591793444214, -0.25613850473066108, 6.6729974045525129, 3.8263700809224082, 0.35240226635813154, 5.4205009609534649, 8.2814772430004808, 10.110467396688492, 5.6208964822272636, 6.4944432259323568, 8.0729135061376791, 8.1025923828172317, 29.32575659723036, 29.32575659723036, 25.213057452607551, 10.985107918043571, 10.712429757067738, 9.3271471425629695, 3.5869172148281518, 8.2086087271754913, 5.7610356507245841, 4.885175216601823, 1.670206666762313, 4.9407744805568559, -0.75613741283960378, 6.989091168221953, 6.240432029512589, 3.9260052152856284, 2.1518488452388467, -1.5145344615416565, 0.53855070765067514, 1.2017306088852668, 6.2678685992978425, 11.55322672122537, -3.3770556102069933, 3.6600449535526391], [4.8177315551893223, 2.0076024820379148, 4.2911233914137243, 7.4957490077933011, 7.0512964923443073, 5.0668570507456288, 1.9871335951567131, 2.5431391453952759, 0.54502390119956856, 2.2309616071609355, 1.8448849788378396, 3.5171170047481612, 2.7793283986238451, -0.89322755770193296, 5.9860164554133064, 6.1636238578697693, 8.7571376037885855, 6.1945774012059687, 6.5583026374627327, 6.1886785540631353, 8.8249415025710132, 25.213057452607551, 25.213057452607551, 26.457513110645905, 7.9836166542861058, 8.0032000023112779, 7.21248247108075, 2.173285019225101, 5.6700034107419404, 4.6872028416867897, 4.8208533148782431, 0.87251375502137518, 3.1979390105256815, 0.15883790121275992, 5.7540110014316932, 4.6665844519277559, 4.9949598866607667, 1.0377838868809868, -0.40912426869945157, 0.65461513085862277, 3.0004815662807087, 6.2542495217193368, 9.5461675742355965, -3.3942967231279462, 3.9004646774466196], [14.833370266392906, 6.8541057257662219, 9.4913356199515011, 13.952939707770538, 13.714524426776968, 13.538014915732269, 1.4278956778064205, 4.5732936947151357, 1.5957830226455358, 5.133097129897366, -0.081533421176871193, 13.248694861900976, 9.4190588755864866, 1.9075121180035823, 12.138003462244892, 15.494179538970728, 10.751309512096714, 8.2890849722651616, 2.6784133439547775, 5.5897591935624309, 6.2950271240810141, 10.985107918043571, 10.985107918043571, 7.9836166542861058, 34.205262752974143, 31.254026290402603, 14.488785970502747, 8.2643308263101112, 15.889509837698196, 4.7132594198233271, 3.7762980826055288, 2.4282457117228686, 11.654200039611309, -0.47777382716803068, 9.4470537086178101, 10.308426469888996, 11.559452488254841, 6.1882135897731665, 1.3720120330724015, 0.85918368042400894, 2.0795139635341444, 5.842283597307679, 18.097950335058346, -6.7950817580880507, 3.7022384266913071], [16.050000872736028, 7.4401198151146843, 6.8919345188710519, 12.845212400184513, 14.707173623526799, 15.386175425603557, 2.4576024601360094, 4.8532079424053354, 3.7745051304491235, 7.0852094333076163, 1.4283454146200294, 13.849206527796481, 10.331313670891911, 3.4555168127465081, 11.928242878420876, 17.40822715055679, 8.4009558479680031, 6.2548523829836471, 3.7978227866919823, 7.6147578038015071, 4.8673872285482416, 10.712429757067738, 10.712429757067738, 8.0032000023112779, 31.254026290402603, 34.205262752974143, 13.473666526909513, 11.176156319832469, 16.892416196203317, 5.2228245427491951, 4.566829258006754, 3.2221733579309815, 12.684516707685496, 1.1589700632522966, 8.7808018264774041, 11.411019588630463, 10.636216121773648, 7.5668817149272884, 1.1602460306054685, 0.26677870443527385, 2.3615817692944416, 5.437285855590102, 24.745257686829053, -9.7451370996116786, 2.7143319560703962], [10.456208002971326, 2.2213009386660758, 14.580541669798544, 18.226680557180281, 18.420054917203807, 9.9186736789872061, 1.2070098452977791, 6.2903549495005668, 2.269479610047727, 6.1336802883036743, -3.1297280550299225, 17.637663235715046, 9.1646988056089569, 1.9157316965072242, 5.2400299604358285, 18.197203723625737, 18.224252404158349, 15.744690437640038, 0.50477663423893615, 3.5033896804959253, 7.2842436981123573, 9.3271471425629695, 9.3271471425629695, 7.21248247108075, 14.488785970502747, 13.473666526909513, 34.219877264537345, 5.0011360730080616, 17.677017791294322, 6.1117520776458072, 4.4319515582378779, 2.6398116068448343, 14.420633835977728, -3.7346131086862813, 6.001588974244183, 18.325321970450357, 12.528709691585179, 5.2107350680211999, 2.0275641515497034, -1.0087398864548154, -1.3990459760380893, 10.531155511045798, 18.677880368780929, -1.7325006412910067, 1.9554974015203266], [23.630813833468583, 10.712169537316862, -5.1912171473056272, 6.2116223930152961, 8.633185330925965, 23.348836112809206, 6.8933833698267897, 2.6795777972384518, 4.1989605564488297, 9.5521017753609705, 6.7925602081968357, 7.2852201516587982, 9.0985086349670912, 12.330300047362512, 5.6295350334571532, 17.376549802461426, -3.3774823613483305, -4.1998163152595556, 8.9397165941228938, 17.263308514460942, -1.0075529897809192, 3.5869172148281518, 3.5869172148281518, 2.173285019225101, 8.2643308263101112, 11.176156319832469, 5.0011360730080616, 34.190641994557517, 12.600181858486017, 2.2368600267134755, 6.6840485422782789, 6.995942630907324, 11.009430167563719, 7.3566723177059536, 6.7095255674073373, 7.5182168482354523, 3.2080190990449093, 13.3179752228375, -4.5276283557746533, 0.5463009660550292, 1.6090153662925941, 1.0134333990365973, 8.0116632843024966, -25.404356487281806, 1.8346615961533927], [17.25643045843395, 6.266999621822011, 8.002352333608167, 17.962178988042727, 19.46924950699194, 16.261291217120423, 2.9380200128148481, 4.5891642018544134, 3.2209202204847118, 7.63053553550166, -2.079743158587763, 18.05331715365681, 10.910206471910849, 4.8374240743863179, 8.013956363864839, 26.91883393317039, 11.686245897619408, 6.6227630794443133, 5.3704865766246002, 10.426458142554718, 4.5102617909121481, 8.2086087271754913, 8.2086087271754913, 5.6700034107419404, 15.889509837698196, 16.892416196203317, 17.677017791294322, 12.600181858486017, 34.205262752974143, 3.9269953279750771, 9.7759621007393775, 4.3667035667329497, 13.851696813134877, -3.0053450710405301, 6.9319892483531458, 18.98870671769561, 11.452745119516313, 9.6808428113727327, -1.3341126426831436, 1.8713279544697046, -0.50487043403306386, 7.918045474550091, 18.83897437139975, -9.7977807915683197, 3.9461677316146027], [2.3860814922021785, -2.0765805631155771, 0.36968551529986182, 2.7887202176826253, 5.3436206806486926, 4.8521198100234066, 0.3418609530004118, 3.3192513218866395, -0.1700282187106229, 3.7756739716418521, 0.53919849349216997, 4.5291382243099036, 2.5982983490008009, -2.9571626174735481, 2.9393977394562203, 2.916611450141116, 4.9796331123576074, 4.0246207656281436, 2.2144678083234437, 4.8825748433843739, 3.1150584176709488, 5.7610356507245841, 5.7610356507245841, 4.6872028416867897, 4.7132594198233271, 5.2228245427491951, 6.1117520776458072, 2.2368600267134755, 3.9269953279750771, 34.307433596816885, 1.9833302943198334, 2.0775196766517117, 1.6608334585553872, 1.6388489095444216, 6.4730146185561246, 6.9285985832262718, 3.0704190630637953, -0.28105082218357391, 0.70419064235699025, -2.7499257051068446, 0.12950646310106004, 4.1046368897571659, 6.9208239266660092, -2.5318185730562566, -1.4023680786008745], [10.103088514850034, 9.6962722520806306, -0.18674455197928613, 6.5589193587442196, 7.3592382074228855, 8.4553862583129735, 0.83353764636390404, 1.4997881208675476, -0.21974934868695295, 4.0834112439904597, -5.6640202940401254, 7.1358244764034477, 5.3350094172377327, 4.8394561111667453, 6.1760056715092544, 9.5474452965843923, 4.5135419113843875, 1.6754532443381895, 5.9730000253856597, 6.6477101324524046, 1.7199216703745757, 4.885175216601823, 4.885175216601823, 4.8208533148782431, 3.7762980826055288, 4.566829258006754, 4.4319515582378779, 6.6840485422782789, 9.7759621007393775, 1.9833302943198334, 34.23448553724738, 2.9874514938929155, 4.3377520099485727, -0.93071608468400002, 4.4234609755360337, 7.1673448466936325, 7.4340113223402158, 8.173063815403534, -6.1234346578396286, 3.6169932613710589, 0.046111183061984459, 1.9855374269435124, 5.8602658366267661, -3.0892805683587814, 14.569876274507024], [5.9324498788322186, 3.5124087610250041, 0.14826188234375176, 3.2176239709824657, 3.9336373612336315, 5.8981735878937558, 14.338123112619177, 0.94060450886930336, 1.2747813041216614, 11.147390597930684, -0.86763347977370742, 5.0269668193646, 6.9716351591254089, 5.6052473423898945, 0, 4.6662822110663615, 2.3506103969539995, 1.4703201507533838, 2.4037708484408999, 5.2805654028633997, -1.8294244748510375, 1.670206666762313, 1.670206666762313, 0.87251375502137518, 2.4282457117228686, 3.2221733579309815, 2.6398116068448343, 6.995942630907324, 4.3667035667329497, 2.0775196766517117, 2.9874514938929155, 25.396850198400589, 7.2759835027137489, 4.4450721992666331, 2.4763487418342001, 5.3158674026145896, 3.0431462575503163, 9.1272785849921796, -1.6904801464728327, 1.090537575821988, -0.61689660781930122, 2.0860014626882797, 3.2091631472952145, -5.1421377511916724, 1.8398371731655843], [12.915597862472978, 8.6020852015526508, 7.0961676145940329, 13.449695205186226, 13.902129127667747, 11.719095212552562, 8.7978309346678589, 3.720105785117346, 5.2051180291382249, 11.779645470727443, 1.5250083779346673, 15.978408693124994, 13.59154794905144, 12.236564132314093, 5.4163710235248406, 15.027433894725412, 9.7048090627402086, 7.2424431861194742, 4.7820362060717487, 6.0655617347522028, 3.6390478796609749, 4.9407744805568559, 4.9407744805568559, 3.1979390105256815, 11.654200039611309, 12.684516707685496, 14.420633835977728, 11.009430167563719, 13.851696813134877, 1.6608334585553872, 4.3377520099485727, 7.2759835027137489, 34.219877264537345, 2.0373700403899737, 5.6034576671924334, 13.029292373298741, 6.6643138129171202, 14.955528994459666, -2.9355571749802669, 0.62157268215615702, 1.1796886835156604, 5.7680743156516856, 14.747613669360664, -9.1413915245666377, 1.1055970276948879], [5.0002705586772063, 5.3740201593829982, -7.1710999972657401, -3.3031486430597563, -4.5821606646178026, 3.9669417061627579, 4.9413566621548677, 8.024213241976959, 16.552366129595725, 9.8120316195902468, 8.946922658149413, -3.8235146299062883, 5.485870002468296, 5.5906282344722324, 4.6987982167851952, 1.1614348985687108, -7.609424148685644, -5.5518585446471098, 6.9105155725405254, 7.4871884442653052, -4.2812593412398465, -0.75613741283960378, -0.75613741283960378, 0.15883790121275992, -0.47777382716803068, 1.1589700632522966, -3.7346131086862813, 7.3566723177059536, -3.0053450710405301, 1.6388489095444216, -0.93071608468400002, 4.4450721992666331, 2.0373700403899737, 29.427877939124322, 4.123405191684788, -4.7820658986762581, 3.0416221357182764, 4.630742711307172, 3.9290225747804852, 1.1957061701323815, 8.76615944587836, -2.9545103074703416, -3.3193849015033643, -9.1048366667485805, 1.0206566145123761], [8.0517008893299984, 6.093725291309025, 4.1064596337780435, 8.8107080682243275, 7.6799024066663018, 6.6562540327432682, 2.1950054271677666, 4.0495429707058737, 2.7579212378993945, 3.2298705376310322, -0.12229883475517186, 4.3528199185199874, 2.7086908297727654, 3.8275120922737917, 5.3448046158200837, 8.8162705530071381, 6.5923804075426569, 5.3435671870373431, 4.2036694177826686, 4.2923322737294756, 8.1945988205591043, 6.989091168221953, 6.989091168221953, 5.7540110014316932, 9.4470537086178101, 8.7808018264774041, 6.001588974244183, 6.7095255674073373, 6.9319892483531458, 6.4730146185561246, 4.4234609755360337, 2.4763487418342001, 5.6034576671924334, 4.123405191684788, 25.159491250818249, -0.37828705628901405, 3.1285012733609556, 6.0343472839430889, -4.0731470398111291, 1.3374210817723187, -0.69754011507775315, 5.6202701078242416, 6.8966419370701137, -7.6268368017834076, 5.8356500423667717], [10.768373740235829, -1.3721954563000365, 4.0724385167072361, 11.256349905013185, 18.610005999603903, 13.994382243693519, 2.7034443665819774, 5.5235096124162961, 0.95774644801403785, 10.96261075953138, 2.2581378279526083, 19.974088048722077, 13.704525570395882, -0.15259769229300169, 4.7878437261162103, 15.459824262602737, 11.518941907154694, 7.0477686400428636, 4.5145961082680346, 14.616183546031767, -4.9829145827638417, 6.240432029512589, 6.240432029512589, 4.6665844519277559, 10.308426469888996, 11.411019588630463, 18.325321970450357, 7.5182168482354523, 18.98870671769561, 6.9285985832262718, 7.1673448466936325, 5.3158674026145896, 13.029292373298741, -4.7820658986762581, -0.37828705628901405, 34.307433596816885, 13.918004298570128, 2.6614514409547394, 7.414598643615828, -4.2050055885007227, 2.5511963528853494, 10.429606823950333, 18.71551349097648, -4.9650758684875926, -1.4947792970158926], [10.132207744721899, 7.1976381825705227, 6.1664574013320852, 8.6365985701668766, 11.177525168427694, 7.9923070250853083, 1.3340538779243742, 8.2011004191460302, 2.4230810689751339, 5.713412772848665, 4.1270063882356931, 10.331190418937947, 10.800071603640456, -0.19890524966000656, 8.6848293363430766, 9.3816489162538002, 10.401637139097845, 9.1258690606149671, 4.6579958780199506, 5.7909217898920167, -1.042722487323317, 3.9260052152856284, 3.9260052152856284, 4.9949598866607667, 11.559452488254841, 10.636216121773648, 12.528709691585179, 3.2080190990449093, 11.452745119516313, 3.0704190630637953, 7.4340113223402158, 3.0431462575503163, 6.6643138129171202, 3.0416221357182764, 3.1285012733609556, 13.918004298570128, 32.357379374726882, 2.6046599191429878, 8.2346553415112815, 4.341680761621479, 8.5671672346687444, 8.5683272999335394, 10.888278060587934, -1.3760030183670631, 7.3334941132549094], [14.948155156238881, 13.941229565591977, 3.2125015422296834, 8.7751915855200426, 8.5122878622007878, 11.022142725268173, 10.222034221841863, 2.5954838296414597, 4.4571175706583208, 11.110333686564134, -1.5021091732170067, 11.966732916646315, 12.592749206258317, 22.320966314957158, 4.8346142894993616, 11.783086822125973, 3.7191802318472384, 2.1680547850987018, 3.3790077558629363, 4.3479369936762948, 4.2063610457912342, 2.1518488452388467, 2.1518488452388467, 1.0377838868809868, 6.1882135897731665, 7.5668817149272884, 5.2107350680211999, 13.3179752228375, 9.6808428113727327, -0.28105082218357391, 8.173063815403534, 9.1272785849921796, 14.955528994459666, 4.630742711307172, 6.0343472839430889, 2.6614514409547394, 2.6046599191429878, 34.190641994557517, -12.84146722076221, 4.425582714989285, 1.6321331234563796, 1.9598463109696824, 7.5401226259292127, -11.237113487520205, 6.8848354526132995], [-2.9681867792473375, -4.2017364175847609, -4.0372741257069915, -4.369588504010113, -0.71376429203283798, 0.28133167023523886, -1.5115825902632825, 2.5450351965664466, 1.7638673237630169, 3.4765164996835947, 7.0699980233820003, 0.79971540001060792, 2.3419145365229301, -9.1601652332739363, -0.061731108033251846, -1.3844406507291649, -2.2314988275073184, -1.1892263550188469, 1.578583904499939, 2.8495569973373862, -7.4595093093328941, -1.5145344615416565, -1.5145344615416565, -0.40912426869945157, 1.3720120330724015, 1.1602460306054685, 2.0275641515497034, -4.5276283557746533, -1.3341126426831436, 0.70419064235699025, -6.1234346578396286, -1.6904801464728327, -2.9355571749802669, 3.9290225747804852, -4.0731470398111291, 7.414598643615828, 8.2346553415112815, -12.84146722076221, 34.249087579087416, 1.278601812539589, 6.5159462020079699, 1.3057521486020669, 0.58358434473652765, 3.1988090566006768, -6.8280670969038182], [2.5554021866784913, 7.4757460157578315, 2.1445573799866366, 4.5065748313086935, 0.020697149200993217, 1.175645838361379, 0.9659230118246287, 0.8058688641480608, -0.15536387532879287, 1.0623457404058545, -0.62739014395062664, 0.19947411088077144, 2.4776243978013386, 5.273064817036019, 0.82369059224270846, 2.049894252925426, 3.2677320897212812, 2.1831323797985349, -1.8013612292835197, -0.029355833840149378, -0.19477052783112769, 0.53855070765067514, 0.53855070765067514, 0.65461513085862277, 0.85918368042400894, 0.26677870443527385, -1.0087398864548154, 0.5463009660550292, 1.8713279544697046, -2.7499257051068446, 3.6169932613710589, 1.090537575821988, 0.62157268215615702, 1.1957061701323815, 1.3374210817723187, -4.2050055885007227, 4.341680761621479, 4.425582714989285, 1.278601812539589, 34.307433596816885, -1.8263062998425825, -1.2175706673330269, -2.3184355518414423, 0.75862644291651815, 5.6670064790000483], [3.2759567797490394, 4.5204635682057379, -4.8924606701458826, -2.8850240373694693, -0.80209599695496769, 3.826685582283861, 1.2300145731448071, 7.4323645314388278, 6.20653125539401, 9.7439368736930838, 14.33658855728515, 1.4359247436945537, 11.668294832288387, 3.8183383667724127, 5.8249274587845647, 0.93529845603861006, -5.4665846672043346, -4.7479488977117805, 6.5698433784151504, 6.283508785374921, -4.6306538407381703, 1.2017306088852668, 1.2017306088852668, 3.0004815662807087, 2.0795139635341444, 2.3615817692944416, -1.3990459760380893, 1.6090153662925941, -0.50487043403306386, 0.12950646310106004, 0.046111183061984459, -0.61689660781930122, 1.1796886835156604, 8.76615944587836, -0.69754011507775315, 2.5511963528853494, 8.5671672346687444, 1.6321331234563796, 6.5159462020079699, -1.8263062998425825, 34.26368339802363, -0.4266593672406398, -0.51382252977886678, -4.1976220706033338, 0.015573882979226008], [4.8136804259683377, 0.43090940636151265, 11.071197980800356, 9.8125180422556522, 8.6744010267707505, 4.5975768254046585, 2.4301009802679738, 3.4322490219453332, 1.3975510065477039, 3.9319593005683049, -1.9634811568779302, 9.7460963600879644, 5.2117400165716292, 1.0457012287959722, 2.1765664416623727, 4.8362823858905015, 13.810764166792882, 11.615824410355563, 0.59570017306604306, 1.4891118877127554, 6.4665099139580651, 6.2678685992978425, 6.2678685992978425, 6.2542495217193368, 5.842283597307679, 5.437285855590102, 10.531155511045798, 1.0134333990365973, 7.918045474550091, 4.1046368897571659, 1.9855374269435124, 2.0860014626882797, 5.7680743156516856, -2.9545103074703416, 5.6202701078242416, 10.429606823950333, 8.5683272999335394, 1.9598463109696824, 1.3057521486020669, -1.2175706673330269, -0.4266593672406398, 34.307433596816885, 10.521502045042563, -0.064354215433250359, 0.083649874740608046], [12.155238940151355, 3.9148205911991876, 10.360797051799334, 16.178931880948603, 19.679206690800715, 12.657499671560441, 2.2161155904453254, 3.4673396411592945, 3.6104174151525075, 7.6281001454668953, -2.0232699580865083, 19.042116508307668, 10.616522501085138, 2.8808536265529283, 8.2940879518853698, 17.089677958809549, 13.888106767731774, 10.913996668552997, 2.1969276065985297, 6.3194488464104763, 6.2362464680757235, 11.55322672122537, 11.55322672122537, 9.5461675742355965, 18.097950335058346, 24.745257686829053, 18.677880368780929, 8.0116632843024966, 18.83897437139975, 6.9208239266660092, 5.8602658366267661, 3.2091631472952145, 14.747613669360664, -3.3193849015033643, 6.8966419370701137, 18.71551349097648, 10.888278060587934, 7.5401226259292127, 0.58358434473652765, -2.3184355518414423, -0.51382252977886678, 10.521502045042563, 34.219877264537345, -5.643992302400421, 1.1548724631202041], [-17.953293666553353, -10.202701243992857, 7.1144024938787274, -3.8099910730002415, -5.5283696531838658, -19.207697432614808, -6.5331271878365449, -4.5344127875367271, -5.7525912527213983, -9.798392325970843, -10.03701759994628, -4.2075005646703625, -8.1409029680722167, -11.48237558824345, -5.3703269714620161, -14.970180978400377, 4.9014368929756174, 4.9003464824238794, -9.7571618521519561, -16.502051792947427, 0.65796764256752416, -3.3770556102069933, -3.3770556102069933, -3.3942967231279462, -6.7950817580880507, -9.7451370996116786, -1.7325006412910067, -25.404356487281806