['ComsxFac', 'ExAggFan', 'ExAggbeh', 'Exhibit', 'Fetish', 'HypSxRat', 'Inhadhd', 'JuvDelFc', 'JuvDrgFc', 'JuvaslFc', 'Masadeq', 'PAAgFan', 'PAFght', 'PAcnang', 'PCD', 'ParaRat', 'Pnchldad', 'Pnchldjv', 'Pnearex', 'Pnheter', 'Pnhomo', 'Pnvio', 'Pnvioad', 'Pnviojv', 'Sadbehr', 'Sadtot', 'Scatol', 'SxPrFAC', 'Voyeur', 'age', 'anxwom', 'attadhd', 'conchr', 'dralcadu', 'erecdys', 'genderversion', 'hoswom', 'impul', 'lkemp', 'lkprtkg', 'negmas', 'sadfanr', 'sxdeny', 'sxperanx']
[[56.793328433316645, 30.32932111043629, 9.394695963644068, 22.367331378915466, 36.825544024535574, 38.269042822006355, 15.382892875338307, 7.695547230449989, 18.23893844856721, 17.681246914427838, 11.704134714432694, 23.789956117811418, 17.213278850901144, 21.829772055509313, 18.976929579382862, 33.49925149240542, 7.739324793753604, 4.456308217306961, 14.348258506171168, 16.650659865998676, 17.247029388518822, 14.389468574620873, 14.389468574620873, 11.56592709623378, 28.325168082046957, 26.38578129491689, 13.064717287236903, 34.214504843051245, 34.435644180728204, 13.763392704730519, 21.33687763773687, 12.81039073946263, 19.86801578501454, 12.809377856531231, 22.253049619089097, 0, 19.56706601222593, 28.17582374221864, 15.195974971282597, 9.666732278957822, 9.20693921639614, 28.77998757676061, 25.094638669063556, 24.66774378267439], [30.32932111043629, 55.2942049990249, 11.715581463035315, 14.880139049735039, 26.653416839464597, 25.067932677970216, 13.416563080260127, 6.81081123479848, 14.860522438785686, 18.43000963328581, 8.628899466925258, 31.4650402938489, 21.357682893660137, 19.996875368538266, 22.058150788722518, 26.160874873501562, 12.06251696935374, 6.401847584060667, 12.439059713246673, 10.97320419173774, 13.51915018319906, 14.142508146917107, 14.142508146917107, 13.130428024855958, 35.099662505186394, 32.6894214426771, 10.420484946216776, 21.199326631999607, 29.007272429677386, 10.038048225514709, 22.375086599766014, 11.78869585274525, 16.828585377438426, 13.928657976547722, 24.11961819402139, 0, 19.054795854072516, 26.575281098960104, 13.893244138057854, 13.065832876747193, 11.254160823251068, 33.4830914696023, 19.039299374326422, 19.034288458612522], [9.394695963644068, 11.715581463035315, 45.47082254587097, 9.528519925528514, 11.49015895189471, 7.306534527547387, 4.804738086198137, 3.1380061367092957, 6.2508002818705295, 4.4861811679610515, 4.627336822144401, 8.928392590158301, 7.493508163637812, 5.5433222966061715, 8.710305571409883, 12.092876120487194, 15.304270869234365, 0.0, 4.6703143452883955, 5.610946490737554, 0.2566309897387248, 6.116351237026172, 6.116351237026172, 6.663221089907766, 19.437576292960316, 15.58661847497191, 13.088550015327144, 4.649660476180004, 10.601725783112443, 2.707606562716732, 3.01352878124479, 3.907078320735172, 8.20341907095633, 6.406697636475508, 5.7721404009804615, 0, 7.831267032402915, 5.03655001782525, 2.8890942046586026, 5.907236513676801, 5.666857872294154, 13.716159310851992, 4.17336520416661, 4.202743631340866], [22.367331378915466, 14.880139049735039, 9.528519925528514, 63.959550503504914, 29.47249978484435, 18.017651444765363, 12.520103400902673, 9.521023048926851, 23.77327960665743, 14.42626722746778, 14.54076660769262, 18.050335637571226, 16.822470927600023, 15.065715119230529, 14.781829008990766, 45.68315753985931, 12.91408803942152, 7.3866397361251614, 7.999779100956342, 11.46657411459516, 13.63412035611833, 9.230124367588207, 9.230124367588207, 7.780516064897279, 27.211244488923207, 20.214813396866635, 17.12384180925268, 17.019905392659123, 32.06844126137358, 8.0447033961614, 12.426441682802727, 10.527178842075902, 14.278052747810854, 16.01559317008755, 21.942323772069503, 0, 8.950375750801639, 13.386349077938293, 10.619348270282607, 11.043465844152225, 13.247778685853014, 22.367384295632945, 17.352207330681665, 13.059528125900165], [36.825544024535574, 26.653416839464597, 11.49015895189471, 29.47249978484435, 63.68477975907212, 22.614275809834616, 7.879295827877408, 8.688701708163904, 16.672277504844807, 13.531085832334613, 13.95782702960781, 23.08663245936633, 14.964253165339931, 12.247817539523465, 15.819579881392338, 41.845531200593385, 16.492303825034348, 5.796725610373636, 13.75250566375756, 15.61641356659003, 18.503972637446772, 17.92022797261618, 17.92022797261618, 11.063877171733964, 27.214537885543667, 24.187580546493145, 14.736813867728944, 16.709511225271143, 29.084599721629008, 10.660809645101757, 13.98934858879615, 7.457512417307983, 14.842492692076426, 12.166184981853446, 21.605343674135884, 0, 11.268648683506967, 22.93208679013469, 13.71718738323194, 8.74620282043747, 11.098670344385178, 22.856023233901595, 16.327195545400876, 13.304870015637421], [38.269042822006355, 25.067932677970216, 7.306534527547387, 18.017651444765363, 22.614275809834616, 46.33447792476487, 13.433166814202206, 7.263448647133991, 11.964286326927203, 11.491443497020224, 11.643290749120164, 19.557669443806255, 17.622213312084238, 19.115441397766073, 18.16789865709715, 23.629076449038102, 9.38293110096952, 6.593357164668545, 11.627332405662749, 22.567350778943155, 17.493515388436304, 11.770582813657569, 11.770582813657569, 9.862589831201701, 24.244029385298266, 20.12543492562998, 9.205496430978409, 31.606967699349582, 24.21646325277411, 13.447156819385393, 19.151199858655712, 14.20052718042591, 15.244054455467532, 11.437170131546564, 18.082193505560046, 0, 18.091285802826125, 20.91699301800836, 13.265841246812789, 7.2206158324138885, 11.5907426172945, 18.53296831683291, 26.066326765563147, 20.10654214841645], [15.382892875338307, 13.416563080260127, 4.804738086198137, 12.520103400902673, 7.879295827877408, 13.433166814202206, 38.4060174143142, 6.957316441436374, 7.255877325045624, 20.222455643537018, 12.95298288438822, 12.66314235269472, 17.860470869739203, 20.724268261336896, 0, 12.32553016373127, 3.212401387446168, 1.8847107872947682, 9.773828367988584, 16.29093602916108, 8.812183840302959, 13.504119454992415, 13.504119454992415, 12.061771813732568, 12.481916852761964, 11.16300153341317, 4.6346777241385135, 15.004765966257118, 16.492781298978358, 10.732235972759034, 15.521536316103123, 27.600383113123883, 19.79926643534843, 15.554340877097216, 14.37156097513663, 0, 12.338034689045179, 23.260576176565184, 12.133455771478447, 11.990510584555, 12.568164515719639, 11.316309370758235, 17.417969391710358, 17.276248960661462], [7.695547230449989, 6.81081123479848, 3.1380061367092957, 9.521023048926851, 8.688701708163904, 7.263448647133991, 6.957316441436374, 47.46426377154304, 16.075082316422773, 18.319379836231132, 8.555213340173802, 11.131649977173758, 17.75603630089861, 7.105990646551648, 8.811213836459135, 9.73774881180017, 4.450811996399918, 5.8310413859176125, 10.251486991824287, 6.77889044127768, 7.989745064320481, 9.81405822724867, 9.81405822724867, 2.990720218984819, 9.974476626772478, 8.127644840888689, 9.773272399585071, 8.979464375861053, 7.372820630112383, 6.459821242823939, 11.957803777551632, 6.469616920110576, 9.808954502108854, 24.061015650562126, 8.022872218241071, 0, 7.99628577219113, 10.77780790758604, 7.7012116599616105, 9.998994123140536, 15.843199449189814, 9.14433729690524, 8.64109066386542, 6.191432143793127], [18.23893844856721, 14.860522438785686, 6.2508002818705295, 23.77327960665743, 16.672277504844807, 11.964286326927203, 7.255877325045624, 16.075082316422773, 50.53775069716896, 20.813894619110552, 10.18273555540775, 15.017718868110537, 18.485808266775503, 14.409685364217339, 10.689579477762814, 19.71086378067446, 9.982241615325218, 4.588074596594561, 17.229130133968795, 13.546975052287051, 7.776711447795562, 8.932601288636608, 8.932601288636608, 7.137082723736525, 15.635581285925475, 14.558379706890936, 11.584061243847138, 15.01196135785473, 14.44133629620121, 9.639358005677853, 14.940700615496711, 7.693957112316776, 15.076111977511653, 40.12226256272201, 17.61396362283578, 0, 11.25600062695127, 13.457967430330253, 12.492348042710436, 13.136610889021659, 20.288545891712555, 23.688007494026305, 12.787689824633835, 12.672111315709747], [17.681246914427838, 18.43000963328581, 4.4861811679610515, 14.42626722746778, 13.531085832334613, 11.491443497020224, 20.222455643537018, 18.319379836231132, 20.813894619110552, 54.57790617250855, 10.142937430267352, 18.538327758180184, 28.91080889401134, 20.853897646380375, 8.429212004678774, 11.005619677291923, 7.302937153044088, 4.595059894304047, 14.49385051238406, 10.139708679650441, 11.135696680760617, 10.942800729735712, 10.942800729735712, 10.883987832331613, 12.219155744690664, 9.519917485167676, 7.599962127752319, 15.524849074237407, 11.470472510010552, 11.539389761611663, 9.163326806567987, 21.26469290997721, 21.561365386387422, 22.742173875325587, 13.932269955566925, 0, 14.944568643310255, 22.54550328502901, 10.676159211257296, 10.481694883765744, 20.88015817529764, 11.519128564808845, 13.968901550742032, 8.033154834733923], [11.704134714432694, 8.628899466925258, 4.627336822144401, 14.54076660769262, 13.95782702960781, 11.643290749120164, 12.95298288438822, 8.555213340173802, 10.18273555540775, 10.142937430267352, 47.687147857698314, 13.2986491062884, 17.938958236184405, 11.196660525607303, 9.8062187942072, 7.721152251204547, 5.4054965494253455, 5.531001210942439, 7.928164068973409, 11.792589226248662, 13.692078027267666, 9.858524337027578, 9.858524337027578, 4.7717691351892935, 13.749816957009237, 9.398465117790924, 3.901477394688648, 9.698898741002463, 12.651262523784435, 12.240502908554785, 18.96409878983532, 11.149943287427474, 12.599972431195038, 12.467918701570515, 12.441789129722338, 0, 11.75658581871907, 9.97951777798345, 10.48218616470485, 10.796441046080517, 22.533525224525327, 12.017355129818453, 13.535176203510506, 19.564885663761554], [23.789956117811418, 31.4650402938489, 8.928392590158301, 18.050335637571226, 23.08663245936633, 19.557669443806255, 12.66314235269472, 11.131649977173758, 15.017718868110537, 18.538327758180184, 13.2986491062884, 63.044233938379065, 30.640711872391048, 23.676737041340125, 18.28394650410212, 25.007236080534984, 8.062289157439189, 2.2583544003266436, 11.445054264417829, 13.063042136884373, 14.020606866539874, 12.377959293644702, 12.377959293644702, 9.41121126365793, 27.34575732195966, 23.80162558424246, 14.354951115455693, 19.16369381808342, 29.600870161615013, 7.745835430563918, 16.39253304663325, 16.81135442486311, 25.12082534398828, 14.140707845186883, 18.800468055117427, 0, 18.096065685109526, 25.994104931174125, 12.984795641770976, 13.043148579942963, 12.311742645460207, 31.19538577557642, 18.766716569891965, 13.006930450287275], [17.213278850901144, 21.357682893660137, 7.493508163637812, 16.822470927600023, 14.964253165339931, 17.622213312084238, 17.860470869739203, 17.75603630089861, 18.485808266775503, 28.91080889401134, 17.938958236184405, 30.640711872391048, 48.05487531303489, 25.736996041373633, 13.751989537001208, 13.379424414995068, 8.62733073705207, 3.9780862826206183, 9.868013898100715, 12.460055543518088, 10.445036339546046, 13.657373169638868, 13.657373169638868, 8.976241502043209, 19.43329947083006, 18.079641038750395, 8.805850491198244, 19.023498279172138, 12.897939614110681, 9.466647178682443, 11.803594032577104, 15.659920492100788, 24.833615524092945, 18.067254576763776, 13.736108851453773, 0, 17.024004102071657, 21.821549861511727, 10.267209846890932, 10.909578396643404, 25.008134779903067, 17.96000471824379, 16.213997292984164, 13.028805167091846], [21.829772055509313, 19.996875368538266, 5.5433222966061715, 15.065715119230529, 12.247817539523465, 19.115441397766073, 20.724268261336896, 7.105990646551648, 14.409685364217339, 20.853897646380375, 11.196660525607303, 23.676737041340125, 25.736996041373633, 49.62392633810721, 17.39290035584201, 16.79526660870631, 8.814423908636964, 5.1857459747734955, 11.039918253057866, 15.650584834391873, 6.908700955805601, 8.67193688044914, 8.67193688044914, 7.250334978816283, 12.228189063720157, 13.143214772708859, 5.924531558612373, 28.509951521617648, 19.462776680501456, 14.852861952545677, 19.559424893839452, 18.558142289411943, 23.320902772839133, 15.684485631842037, 17.26085497126428, 0, 10.23343960952596, 35.18929152541996, 15.4028287461551, 10.759969599815411, 12.536866073389868, 14.595484821077001, 22.647072875695333, 17.8987879616946], [18.976929579382862, 22.058150788722518, 8.710305571409883, 14.781829008990766, 15.819579881392338, 18.16789865709715, 0, 8.811213836459135, 10.689579477762814, 8.429212004678774, 9.8062187942072, 18.28394650410212, 13.751989537001208, 17.39290035584201, 32.154274970005524, 22.939081482069525, 2.4569338404685883, 0.3376675540766466, 11.482457844921104, 13.785344556502015, 10.094298650718207, 15.624290687033023, 15.624290687033023, 16.15685134585661, 30.307052716990867, 27.422628083699202, 12.461421534002003, 17.43258528955773, 19.79665789243373, 9.038895675527648, 12.099930151079, 0, 16.85370867495346, 9.053581797504968, 17.098069911519836, 0, 16.884867305116764, 13.255290093263534, 10.218967898362253, 11.098818686050947, 12.64770120016145, 20.980949023345886, 17.812426689589966, 16.05123796677908], [33.49925149240542, 26.160874873501562, 12.092876120487194, 45.68315753985931, 41.845531200593385, 23.629076449038102, 12.32553016373127, 9.73774881180017, 19.71086378067446, 11.005619677291923, 7.721152251204547, 25.007236080534984, 13.379424414995068, 16.79526660870631, 22.939081482069525, 48.926395306513214, 13.50891832858959, 4.959292134169843, 9.392714922634104, 12.149652512001417, 18.166657595094925, 12.949184030697522, 12.949184030697522, 6.811172011797018, 29.366484202857244, 26.231357346534626, 22.116482473313916, 21.52234862163624, 41.73215006104604, 13.156710413043829, 11.285043093197535, 10.276517245207662, 14.607602174567827, 15.475661427826365, 18.025347475557535, 0, 12.040079883814144, 29.10819660606562, 9.40963019564939, 6.579840213416116, 7.643810997563549, 29.38502614783131, 23.91948747870766, 12.931090820374976], [7.739324793753604, 12.06251696935374, 15.304270869234365, 12.91408803942152, 16.492303825034348, 9.38293110096952, 3.212401387446168, 4.450811996399918, 9.982241615325218, 7.302937153044088, 5.4054965494253455, 8.062289157439189, 8.62733073705207, 8.814423908636964, 2.4569338404685883, 13.50891832858959, 54.652775990378665, 46.72931649691639, 7.829427889814603, 11.027757693853989, 19.77207038287017, 12.593714769958154, 12.593714769958154, 11.099827711527864, 14.421463440561045, 13.311826485321808, 8.73433645035718, 7.655798947464109, 11.725914940034198, 8.455932418141845, 11.336927862468544, 4.051945216589311, 5.376953382858267, 8.059754130771804, 16.947876059237814, 0, 7.341347328129763, 7.835023871310581, 6.695979361118465, 7.457805163130298, 9.076826592232969, 18.955340699065808, 10.329971012705144, 9.151975581968266], [4.456308217306961, 6.401847584060667, 0.0, 7.3866397361251614, 5.796725610373636, 6.593357164668545, 1.8847107872947682, 5.8310413859176125, 4.588074596594561, 4.595059894304047, 5.531001210942439, 2.2583544003266436, 3.9780862826206183, 5.1857459747734955, 0.3376675540766466, 4.959292134169843, 46.72931649691639, 35.89412971333756, 5.069339915861228, 7.696921282299417, 13.892832687022425, 5.296858121628229, 5.296858121628229, 6.345730867593819, 6.743663660738867, 7.416419256957546, 2.587690945806094, 5.241770978776864, 4.6059585705697765, 5.508507704297738, 5.515494086188751, 0.07202719657290398, 3.9833524226041104, 6.06832502229261, 11.558406703633615, 0, 3.976775215741749, 4.340079274659727, 5.365272712680635, 3.889067930112241, 6.6215984027890125, 9.62567797952587, 5.1627706353216904, 8.660359217058126], [14.348258506171168, 12.439059713246673, 4.6703143452883955, 7.999779100956342, 13.75250566375756, 11.627332405662749, 9.773828367988584, 10.251486991824287, 17.229130133968795, 14.49385051238406, 7.928164068973409, 11.445054264417829, 9.868013898100715, 11.039918253057866, 11.482457844921104, 9.392714922634104, 7.829427889814603, 5.069339915861228, 44.03312479539439, 20.01708225519553, 20.5304024673623, 22.488508726197416, 22.488508726197416, 20.52411173262305, 12.17393241224885, 8.18108771973863, 4.790700868788899, 15.821792845380445, 14.122149718704264, 7.266512535455307, 12.186459900488433, 11.641433759110946, 11.497006406618059, 14.346246942960965, 12.926523288557632, 0, 11.836694048404281, 10.797587643775849, 10.434079948749687, 9.723534572469365, 9.668643999297108, 13.373237031556533, 14.68514648995528, 11.385227553530152], [16.650659865998676, 10.97320419173774, 5.610946490737554, 11.46657411459516, 15.61641356659003, 22.567350778943155, 16.29093602916108, 6.77889044127768, 13.546975052287051, 10.139708679650441, 11.792589226248662, 13.063042136884373, 12.460055543518088, 15.650584834391873, 13.785344556502015, 12.149652512001417, 11.027757693853989, 7.696921282299417, 20.01708225519553, 45.763203854189655, 21.44584274998564, 19.314069440425072, 19.314069440425072, 16.43242761618608, 15.491439715980636, 12.355214687480789, 5.976859958739607, 28.399198212140487, 16.72879996704288, 11.2462886452054, 13.148242113721896, 15.673725442146813, 12.659752416569305, 16.594569532301563, 19.628671728284218, 0, 9.766877045813061, 13.780891844022124, 13.171875131983398, 9.4832669225372, 9.69936133882694, 12.020789114372155, 27.68191252133931, 12.048488548628974], [17.247029388518822, 13.51915018319906, 0.2566309897387248, 13.63412035611833, 18.503972637446772, 17.493515388436304, 8.812183840302959, 7.989745064320481, 7.776711447795562, 11.135696680760617, 13.692078027267666, 14.020606866539874, 10.445036339546046, 6.908700955805601, 10.094298650718207, 18.166657595094925, 19.77207038287017, 13.892832687022425, 20.5304024673623, 21.44584274998564, 65.64987391098268, 19.749376321646732, 19.749376321646732, 22.562897842228786, 18.28550677357615, 14.538820779426425, 4.6330174899802445, 13.23939618308955, 22.429319760772167, 13.47028662694583, 15.776353513763969, 7.470265906618749, 10.176975418062288, 9.14698243224945, 20.22701805986173, 0, 9.23703001797065, 10.611524422465758, 16.216561644433177, 8.47738437398094, 10.27928016337571, 16.95821149118489, 16.33055927372984, 13.735243627910346], [14.389468574620873, 14.142508146917107, 6.116351237026172, 9.230124367588207, 17.92022797261618, 11.770582813657569, 13.504119454992415, 9.81405822724867, 8.932601288636608, 10.942800729735712, 9.858524337027578, 12.377959293644702, 13.657373169638868, 8.67193688044914, 15.624290687033023, 12.949184030697522, 12.593714769958154, 5.296858121628229, 22.488508726197416, 19.314069440425072, 19.749376321646732, 50.25959463557591, 50.25959463557591, 41.52744122485767, 19.408668874621345, 16.78063027338734, 3.1583516183396756, 12.561121887985312, 13.514638169941401, 9.286952077889769, 13.073001686874862, 13.97154805570747, 12.23272648209188, 10.795955864414436, 20.081554196538022, 0, 11.937238090369771, 11.334641977082125, 10.222986956767649, 4.751519886020546, 10.287476315844554, 16.99208288767771, 17.399887317503396, 13.308550041356078], [14.389468574620873, 14.142508146917107, 6.116351237026172, 9.230124367588207, 17.92022797261618, 11.770582813657569, 13.504119454992415, 9.81405822724867, 8.932601288636608, 10.942800729735712, 9.858524337027578, 12.377959293644702, 13.657373169638868, 8.67193688044914, 15.624290687033023, 12.949184030697522, 12.593714769958154, 5.296858121628229, 22.488508726197416, 19.314069440425072, 19.749376321646732, 50.25959463557591, 50.25959463557591, 41.52744122485767, 19.408668874621345, 16.78063027338734, 3.1583516183396756, 12.561121887985312, 13.514638169941401, 9.286952077889769, 13.073001686874862, 13.97154805570747, 12.23272648209188, 10.795955864414436, 20.081554196538022, 0, 11.937238090369771, 11.334641977082125, 10.222986956767649, 4.751519886020546, 10.287476315844554, 16.99208288767771, 17.399887317503396, 13.308550041356078], [11.56592709623378, 13.130428024855958, 6.663221089907766, 7.780516064897279, 11.063877171733964, 9.862589831201701, 12.061771813732568, 2.990720218984819, 7.137082723736525, 10.883987832331613, 4.7717691351892935, 9.41121126365793, 8.976241502043209, 7.250334978816283, 16.15685134585661, 6.811172011797018, 11.099827711527864, 6.345730867593819, 20.52411173262305, 16.43242761618608, 22.562897842228786, 41.52744122485767, 41.52744122485767, 33.40693504471666, 11.690474533723956, 11.173724144044543, 2.3403059151160326, 10.745750329022572, 8.899450741897471, 6.852773918868752, 9.097502774425067, 11.446445829232633, 7.960810451420175, 5.468534042164948, 8.42821635528954, 0, 5.714894367041646, 8.162760271337909, 8.979257528356214, 4.733382908426109, 6.1404583066204275, 11.016436382924686, 14.141330175642356, 8.538882037921692], [28.325168082046957, 35.099662505186394, 19.437576292960316, 27.211244488923207, 27.214537885543667, 24.244029385298266, 12.481916852761964, 9.974476626772478, 15.635581285925475, 12.219155744690664, 13.749816957009237, 27.34575732195966, 19.43329947083006, 12.228189063720157, 30.307052716990867, 29.366484202857244, 14.421463440561045, 6.743663660738867, 12.17393241224885, 15.491439715980636, 18.28550677357615, 19.408668874621345, 19.408668874621345, 11.690474533723956, 74.45547676185826, 61.910699195475736, 15.38104374444049, 21.70575853730894, 29.313591423205473, 9.892210801098214, 13.252011461942471, 8.545384293724824, 15.90018960969084, 13.700393276876103, 20.015007402519757, 0, 20.85401988307966, 12.367772122269214, 12.963634205024942, 12.687376298764514, 12.729205302714886, 51.78775725544439, 26.35275405167069, 14.070516098318883], [26.38578129491689, 32.6894214426771, 15.58661847497191, 20.214813396866635, 24.187580546493145, 20.12543492562998, 11.16300153341317, 8.127644840888689, 14.558379706890936, 9.519917485167676, 9.398465117790924, 23.80162558424246, 18.079641038750395, 13.143214772708859, 27.422628083699202, 26.231357346534626, 13.311826485321808, 7.416419256957546, 8.18108771973863, 12.355214687480789, 14.538820779426425, 16.78063027338734, 16.78063027338734, 11.173724144044543, 61.910699195475736, 54.72138345438626, 11.714938302957206, 17.50095427006553, 26.043358931743363, 10.03477177978046, 8.874084896258594, 8.49287152006685, 18.77480978043574, 11.262296562720604, 20.875560308964122, 0, 17.604170456437412, 13.10865867522825, 12.646611025323466, 7.18392789945246, 7.90819717810364, 52.93324015781198, 24.077047110580775, 11.440704637632674], [13.064717287236903, 10.420484946216776, 13.088550015327144, 17.12384180925268, 14.736813867728944, 9.205496430978409, 4.6346777241385135, 9.773272399585071, 11.584061243847138, 7.599962127752319, 3.901477394688648, 14.354951115455693, 8.805850491198244, 5.924531558612373, 12.461421534002003, 22.116482473313916, 8.73433645035718, 2.587690945806094, 4.790700868788899, 5.976859958739607, 4.6330174899802445, 3.1583516183396756, 3.1583516183396756, 2.3403059151160326, 15.38104374444049, 11.714938302957206, 37.32477887516815, 8.019186355694522, 10.494728471637764, 5.000705239531955, 7.909361762161309, 10.097997825713515, 5.109535699809897, 11.12985489399406, 7.469112362431526, 0, 8.993266337916946, 11.886365444863017, 4.5346934019521195, 5.633788433443306, 4.945782419924541, 11.386805442828926, 8.083386602694166, 6.459199199463883], [34.214504843051245, 21.199326631999607, 4.649660476180004, 17.019905392659123, 16.709511225271143, 31.606967699349582, 15.004765966257118, 8.979464375861053, 15.01196135785473, 15.524849074237407, 9.698898741002463, 19.16369381808342, 19.023498279172138, 28.509951521617648, 17.43258528955773, 21.52234862163624, 7.655798947464109, 5.241770978776864, 15.821792845380445, 28.399198212140487, 13.23939618308955, 12.561121887985312, 12.561121887985312, 10.745750329022572, 21.70575853730894, 17.50095427006553, 8.019186355694522, 46.73327660466019, 25.27043270663793, 14.656826380428184, 17.465791507835583, 14.102830487698144, 19.289550658619063, 18.286301630142418, 20.676782462040972, 0, 13.09745546605649, 29.445833452250135, 17.801307944863925, 10.657528039684154, 10.486787985669293, 18.038980530304375, 37.377046887216835, 16.737974785603], [34.435644180728204, 29.007272429677386, 10.601725783112443, 32.06844126137358, 29.084599721629008, 24.21646325277411, 16.492781298978358, 7.372820630112383, 14.44133629620121, 11.470472510010552, 12.651262523784435, 29.600870161615013, 12.897939614110681, 19.462776680501456, 19.79665789243373, 41.73215006104604, 11.725914940034198, 4.6059585705697765, 14.122149718704264, 16.72879996704288, 22.429319760772167, 13.514638169941401, 13.514638169941401, 8.899450741897471, 29.313591423205473, 26.043358931743363, 10.494728471637764, 25.27043270663793, 55.873287841665565, 15.279070716763142, 17.25192457373903, 14.05032460269915, 17.347013580897904, 11.689180313177191, 18.825952488680144, 0, 17.01907705031317, 28.837789298631247, 12.679234844324146, 9.232701445884526, 8.480650941018865, 25.629599264119875, 29.665963933951204, 16.159818427359333], [13.763392704730519, 10.038048225514709, 2.707606562716732, 8.0447033961614, 10.660809645101757, 13.447156819385393, 10.732235972759034, 6.459821242823939, 9.639358005677853, 11.539389761611663, 12.240502908554785, 7.745835430563918, 9.466647178682443, 14.852861952545677, 9.038895675527648, 13.156710413043829, 8.455932418141845, 5.508507704297738, 7.266512535455307, 11.2462886452054, 13.47028662694583, 9.286952077889769, 9.286952077889769, 6.852773918868752, 9.892210801098214, 10.03477177978046, 5.000705239531955, 14.656826380428184, 15.279070716763142, 52.10520977544979, 13.573946073800034, 8.569349230601128, 13.421570513873771, 9.03458867605515, 15.36389244748564, 0, 9.132163113143635, 12.957437240586199, 9.292186294062477, 10.721657008048942, 6.457374184735061, 10.610745591182742, 12.481848178944833, 11.534933678765658], [21.33687763773687, 22.375086599766014, 3.01352878124479, 12.426441682802727, 13.98934858879615, 19.151199858655712, 15.521536316103123, 11.957803777551632, 14.940700615496711, 9.163326806567987, 18.96409878983532, 16.39253304663325, 11.803594032577104, 19.559424893839452, 12.099930151079, 11.285043093197535, 11.336927862468544, 5.515494086188751, 12.186459900488433, 13.148242113721896, 15.776353513763969, 13.073001686874862, 13.073001686874862, 9.097502774425067, 13.252011461942471, 8.874084896258594, 7.909361762161309, 17.465791507835583, 17.25192457373903, 13.573946073800034, 42.887825059983534, 15.345421577726142, 14.120864594618112, 13.1234044074972, 15.768562812238724, 0, 11.254144697970544, 21.755914939166942, 18.367867116585458, 7.943242095969044, 16.14383667519053, 9.48643853356597, 15.39893082381476, 24.092182477150935], [12.81039073946263, 11.78869585274525, 3.907078320735172, 10.527178842075902, 7.457512417307983, 14.20052718042591, 27.600383113123883, 6.469616920110576, 7.693957112316776, 21.26469290997721, 11.149943287427474, 16.81135442486311, 15.659920492100788, 18.558142289411943, 0, 10.276517245207662, 4.051945216589311, 0.07202719657290398, 11.641433759110946, 15.673725442146813, 7.470265906618749, 13.97154805570747, 13.97154805570747, 11.446445829232633, 8.545384293724824, 8.49287152006685, 10.097997825713515, 14.102830487698144, 14.05032460269915, 8.569349230601128, 15.345421577726142, 38.98206762400825, 14.152569966896932, 12.154599880044964, 20.27163512456967, 0, 9.124678413709116, 23.256902257032397, 14.795691457052145, 13.60074392248661, 12.5681884985014, 10.51576671268095, 17.223758254917726, 17.26858640330923], [19.86801578501454, 16.828585377438426, 8.20341907095633, 14.278052747810854, 14.842492692076426, 15.244054455467532, 19.79926643534843, 9.808954502108854, 15.076111977511653, 21.561365386387422, 12.599972431195038, 25.12082534398828, 24.833615524092945, 23.320902772839133, 16.85370867495346, 14.607602174567827, 5.376953382858267, 3.9833524226041104, 11.497006406618059, 12.659752416569305, 10.176975418062288, 12.23272648209188, 12.23272648209188, 7.960810451420175, 15.90018960969084, 18.77480978043574, 5.109535699809897, 19.289550658619063, 17.347013580897904, 13.421570513873771, 14.120864594618112, 14.152569966896932, 51.29824018582141, 13.242649432217345, 16.536174928170368, 0, 12.481063835200725, 22.815937688988257, 12.875577205927343, 11.643808033126877, 15.408846356700558, 21.4353640419756, 18.419776302295137, 12.372625894947369], [12.809377856531231, 13.928657976547722, 6.406697636475508, 16.01559317008755, 12.166184981853446, 11.437170131546564, 15.554340877097216, 24.061015650562126, 40.12226256272201, 22.742173875325587, 12.467918701570515, 14.140707845186883, 18.067254576763776, 15.684485631842037, 9.053581797504968, 15.475661427826365, 8.059754130771804, 6.06832502229261, 14.346246942960965, 16.594569532301563, 9.14698243224945, 10.795955864414436, 10.795955864414436, 5.468534042164948, 13.700393276876103, 11.262296562720604, 11.12985489399406, 18.286301630142418, 11.689180313177191, 9.03458867605515, 13.1234044074972, 12.154599880044964, 13.242649432217345, 53.702364419009044, 18.32024791182193, 0, 12.786473881559637, 12.121147364418912, 14.154676452571263, 13.205402608089182, 18.648211559749324, 14.686367838596778, 13.971569772984436, 11.417960896213335], [22.253049619089097, 24.11961819402139, 5.7721404009804615, 21.942323772069503, 21.605343674135884, 18.082193505560046, 14.37156097513663, 8.022872218241071, 17.61396362283578, 13.932269955566925, 12.441789129722338, 18.800468055117427, 13.736108851453773, 17.26085497126428, 17.098069911519836, 18.025347475557535, 16.947876059237814, 11.558406703633615, 12.926523288557632, 19.628671728284218, 20.22701805986173, 20.081554196538022, 20.081554196538022, 8.42821635528954, 20.015007402519757, 20.875560308964122, 7.469112362431526, 20.676782462040972, 18.825952488680144, 15.36389244748564, 15.768562812238724, 20.27163512456967, 16.536174928170368, 18.32024791182193, 38.60207838717306, 0, 16.129752351904525, 19.67891522887787, 13.763285843733774, 12.609480348611843, 15.144230681431578, 13.954788131969995, 23.851020909592503, 19.42619160312789], [0, 0, 0, 0, 0, 0, 0, 0, 0, 0, 0, 0, 0, 0, 0, 0, 0, 0, 0, 0, 0, 0, 0, 0, 0, 0, 0, 0, 0, 0, 0, 0, 0, 0, 0, 0, 0, 0, 0, 0, 0, 0, 0, 0], [19.56706601222593, 19.054795854072516, 7.831267032402915, 8.950375750801639, 11.268648683506967, 18.091285802826125, 12.338034689045179, 7.99628577219113, 11.25600062695127, 14.944568643310255, 11.75658581871907, 18.096065685109526, 17.024004102071657, 10.23343960952596, 16.884867305116764, 12.040079883814144, 7.341347328129763, 3.976775215741749, 11.836694048404281, 9.766877045813061, 9.23703001797065, 11.937238090369771, 11.937238090369771, 5.714894367041646, 20.85401988307966, 17.604170456437412, 8.993266337916946, 13.09745546605649, 17.01907705031317, 9.132163113143635, 11.254144697970544, 9.124678413709116, 12.481063835200725, 12.786473881559637, 16.129752351904525, 0, 43.990813042098885, 8.602636111993162, 9.560084339293839, 11.689510884915538, 13.45720692074861, 16.618094274294876, 13.976017832695128, 14.271490432496451], [28.17582374221864, 26.575281098960104, 5.03655001782525, 13.386349077938293, 22.93208679013469, 20.91699301800836, 23.260576176565184, 10.77780790758604, 13.457967430330253, 22.54550328502901, 9.97951777798345, 25.994104931174125, 21.821549861511727, 35.18929152541996, 13.255290093263534, 29.10819660606562, 7.835023871310581, 4.340079274659727, 10.797587643775849, 13.780891844022124, 10.611524422465758, 11.334641977082125, 11.334641977082125, 8.162760271337909, 12.367772122269214, 13.10865867522825, 11.886365444863017, 29.445833452250135, 28.837789298631247, 12.957437240586199, 21.755914939166942, 23.256902257032397, 22.815937688988257, 12.121147364418912, 19.67891522887787, 0, 8.602636111993162, 50.67123864286652, 19.56034521970033, 12.076923226663844, 10.192543400280666, 19.36801607370413, 24.032342567303626, 16.235980472402186], [15.195974971282597, 13.893244138057854, 2.8890942046586026, 10.619348270282607, 13.71718738323194, 13.265841246812789, 12.133455771478447, 7.7012116599616105, 12.492348042710436, 10.676159211257296, 10.48218616470485, 12.984795641770976, 10.267209846890932, 15.4028287461551, 10.218967898362253, 9.40963019564939, 6.695979361118465, 5.365272712680635, 10.434079948749687, 13.171875131983398, 16.216561644433177, 10.222986956767649, 10.222986956767649, 8.979257528356214, 12.963634205024942, 12.646611025323466, 4.5346934019521195, 17.801307944863925, 12.679234844324146, 9.292186294062477, 18.367867116585458, 14.795691457052145, 12.875577205927343, 14.154676452571263, 13.763285843733774, 0, 9.560084339293839, 19.56034521970033, 50.121555287924416, 10.067729599431589, 11.795510284388088, 11.316663288477503, 15.58049732917161, 19.800350228185348], [9.666732278957822, 13.065832876747193, 5.907236513676801, 11.043465844152225, 8.74620282043747, 7.2206158324138885, 11.990510584555, 9.998994123140536, 13.136610889021659, 10.481694883765744, 10.796441046080517, 13.043148579942963, 10.909578396643404, 10.759969599815411, 11.098818686050947, 6.579840213416116, 7.457805163130298, 3.889067930112241, 9.723534572469365, 9.4832669225372, 8.47738437398094, 4.751519886020546, 4.751519886020546, 4.733382908426109, 12.687376298764514, 7.18392789945246, 5.633788433443306, 10.657528039684154, 9.232701445884526, 10.721657008048942, 7.943242095969044, 13.60074392248661, 11.643808033126877, 13.205402608089182, 12.609480348611843, 0, 11.689510884915538, 12.076923226663844, 10.067729599431589, 43.37795503067148, 8.803499588004817, 9.817146470046827, 9.666725114197352, 12.822372842607024], [9.20693921639614, 11.254160823251068, 5.666857872294154, 13.247778685853014, 11.098670344385178, 11.5907426172945, 12.568164515719639, 15.843199449189814, 20.288545891712555, 20.88015817529764, 22.533525224525327, 12.311742645460207, 25.008134779903067, 12.536866073389868, 12.64770120016145, 7.643810997563549, 9.076826592232969, 6.6215984027890125, 9.668643999297108, 9.69936133882694, 10.27928016337571, 10.287476315844554, 10.287476315844554, 6.1404583066204275, 12.729205302714886, 7.90819717810364, 4.945782419924541, 10.486787985669293, 8.480650941018865, 6.457374184735061, 16.14383667519053, 12.5681884985014, 15.408846356700558, 18.648211559749324, 15.144230681431578, 0, 13.45720692074861, 10.192543400280666, 11.795510284388088, 8.803499588004817, 45.1067812601154, 9.218343231293114, 13.622870355876866, 10.09779814949952], [28.77998757676061, 33.4830914696023, 13.716159310851992, 22.367384295632945, 22.856023233901595, 18.53296831683291, 11.316309370758235, 9.14433729690524, 23.688007494026305, 11.519128564808845, 12.017355129818453, 31.19538577557642, 17.96000471824379, 14.595484821077001, 20.980949023345886, 29.38502614783131, 18.955340699065808, 9.62567797952587, 13.373237031556533, 12.020789114372155, 16.95821149118489, 16.99208288767771, 16.99208288767771, 11.016436382924686, 51.78775725544439, 52.93324015781198, 11.386805442828926, 18.038980530304375, 25.629599264119875, 10.610745591182742, 9.48643853356597, 10.51576671268095, 21.4353640419756, 14.686367838596778, 13.954788131969995, 0, 16.618094274294876, 19.36801607370413, 11.316663288477503, 9.817146470046827, 9.218343231293114, 58.45626567727045, 22.089835244622275, 12.376517051038977], [25.094638669063556, 19.039299374326422, 4.17336520416661, 17.352207330681665, 16.327195545400876, 26.066326765563147, 17.417969391710358, 8.64109066386542, 12.787689824633835, 13.968901550742032, 13.535176203510506, 18.766716569891965, 16.213997292984164, 22.647072875695333, 17.812426689589966, 23.91948747870766, 10.329971012705144, 5.1627706353216904, 14.68514648995528, 27.68191252133931, 16.33055927372984, 17.399887317503396, 17.399887317503396, 14.141330175642356, 26.35275405167069, 24.077047110580775, 8.083386602694166, 37.377046887216835, 29.665963933951204, 12.481848178944833, 15.39893082381476, 17.223758254917726, 18.419776302295137, 13.971569772984436, 23.851020909592503, 0, 13.976017832695128, 24.032342567303626, 15.58049732917161, 9.666725114197352, 13.622870355876866, 22.089835244622275, 50.296281813409664, 14.098018585748024], [24.66774378267439, 19.034288458612522, 4.202743631340866, 13.059528125900165, 13.304870015637421, 20.10654214841645, 17.276248960661462, 6.191432143793127, 12.672111315709747, 8.033154834733923, 19.564885663761554, 13.006930450287275, 13.028805167091846, 17.8987879616946, 16.05123796677908, 12.931090820374976, 9.151975581968266, 8.660359217058126, 11.385227553530152, 12.048488548628974, 13.735243627910346, 13.308550041356078, 13.308550041356078, 8.538882037921692, 14.070516098318883, 11.440704637632674, 6.459199199463883, 16.737974785603, 16.159818427359333, 11.534933678765658, 24.092182477150935, 17.26858640330923, 12.372625894947369, 11.417960896213335, 19.42619160312789, 0, 14.271490432496451, 16.235980472402186, 19.800350228185348, 12.822372842607024, 10.09779814949952, 12.376517051038977, 14.098018585748024, 45.10976481127044]]