['ComsxFac', 'ExAggFan', 'ExAggbeh', 'Exhibit', 'Fetish', 'HypSxRat', 'Inhadhd', 'JuvDelFc', 'JuvDrgFc', 'JuvaslFc', 'Masadeq', 'PAAgFan', 'PAFght', 'PAcnang', 'PCD', 'ParaRat', 'Pnchldad', 'Pnchldjv', 'Pnearex', 'Pnheter', 'Pnhomo', 'Pnvio', 'Pnvioad', 'Pnviojv', 'Sadbehr', 'Sadtot', 'Scatol', 'SxPrFAC', 'Voyeur', 'age', 'anxwom', 'attadhd', 'conchr', 'dralcadu', 'erecdys', 'genderversion', 'hoswom', 'impul', 'lkemp', 'lkprtkg', 'negmas', 'sadfanr', 'sxdeny', 'sxperanx']
[[1.0, 0.42603342948060113, 0.31901706377817096, 0.53000370384580353, 0.2960313797449291, 0.7796924696314449, 0.25404843691571116, 0.16723066920770993, 0.17287968715840848, 0.20343919875971517, 0.12653555211556636, 0.19509322627223938, 0.27662511857356814, 0.2828198184976905, 0.51132664619982704, 0.55714056294195691, 0.1068727871581434, 0.11584993000565214, 0.36460802085652411, 0.40506262673415527, 0.3145561870304292, 0.040340871027620573, 0.040340871027620573, 0.0074533502540705763, 0.43041107651319083, 0.40163260143288215, 0.28966634777092953, 0.71469609041991089, 0.46699555993065156, 0.030336538466298968, 0.16304756466234857, 0.1299538383000107, 0.31162921499771479, 0.22448033266862405, 0.23101299725121668, 0, 0.15727420590597169, 0.42868066900855595, -0.13904435733156456, 0.16066203476576241, 0.02073030149364781, 0.25541829369545627, -0.54540928243816533, 0.1817125334234575], [0.42603342948060113, 1.0, 0.50183753112430762, 0.14799224736091582, 0.18629763627347629, 0.30718628061645614, 0.24463159013767583, 0.25620285188590919, 0.27178551075433788, 0.31214834152091686, 0.34338512719355585, 0.22235744621304446, 0.40000533744903116, 0.44879450903323731, 0.38527574064109232, 0.30061849402470608, 0.17177281330951666, 0.24198399379242888, 0.31102097332791029, 0.16631666860113603, 0.10848160892057961, 0.013140300640150272, 0.013140300640150272, 0.054027198211396898, 0.23909752920214666, 0.26679419011074224, 0.21562953315165975, 0.35802526197359735, 0.24661914412797428, 0.053968087888560806, 0.22726472935554615, 0.12017184815760587, 0.24701146422909379, 0.31915471294162945, 0.14451094897748837, 0, 0.14097010317667802, 0.39926877335388572, -0.090977308455624836, 0.25671886294151836, 0.20142497779745411, 0.24430037856849499, -0.39575962123374803, 0.31154564562225834], [0.31901706377817096, 0.50183753112430762, 1.0, 0.55869659244449033, 0.77189927094440614, 0.33596637700042969, 0, 0.69013280640198849, 0.49717164297354505, 0.68005739941348786, 0.32952108770863903, 0.56225894497414441, 0.69240329382857402, 0.14303985333683805, 0.49766532162053367, 0.82088206501621463, 0.64087753044953488, 0.60226814831253173, 0.35039554148030372, 0.4314469343603396, 0.38889793648661392, 0.456341573413583, 0.456341573413583, 0.43820502920261856, 0.61176851609210936, 0.6232566624452256, 0.68848491642622178, 0.25845359960372327, 0.84495956975741915, 0.53057335800162775, 0.31342276620209919, 0, 0.33212529799118817, 0.65407307263255743, 0.10715956630401034, 0, 0.34142225024215922, 0.25362969616294889, 0.032229164895367569, -0.023922604300118454, 0.35089215822798564, 0.57212978047037222, -0.28238116596549512, 0.27453645603540006], [0.53000370384580353, 0.14799224736091582, 0.55869659244449033, 1.0, 0.59133237470379241, 0.4690379886240495, 0.15594314568741063, 0.42296533402416525, 0.28486023391065185, 0.26710911252454828, -0.086570729883995029, 0.3076958729014897, 0.30123405600083725, 0.065690931639638545, 0.54959343952773698, 0.88093662100051529, 0.43518189491924897, 0.50437303716112869, 0.35754975050624493, 0.30820956212170597, 0.31036663505066053, 0.062349104429706523, 0.062349104429706523, 0.032247767678926412, 0.48188197757469675, 0.50768534809325438, 0.34066121787221432, 0.34695160973883865, 0.59572207481482187, 0.25610408371739829, 0.21997131018607527, 0.029724638609980897, 0.27887126865787437, 0.16425754165750184, 0.15199265465687054, 0, 0.16214521434663115, 0.21685775249886385, 0.019571382805886033, 0.083342813849692596, -0.00220410008947825, 0.43645805528270626, -0.31955126876741935, 0.13179795904155753], [0.2960313797449291, 0.18629763627347629, 0.77189927094440614, 0.59133237470379241, 1.0, 0.28515106567482806, 0.10914415156233756, 0.47296918467608534, 0.25887618666786627, 0.22573256431611727, 0.039499775575443208, 0.23129707679384295, 0.2552498488374898, 0.10043715490708083, 0.58124773647026684, 0.70515064304474817, 0.41841813702839303, 0.45806721276351992, 0.2239963912306315, 0.24160238208410328, 0.23638097272737341, 0.029787907997263899, 0.029787907997263899, -0.00063458783207097499, 0.31013385413171418, 0.39202518324077507, 0.3007094765663777, 0.27344766364073042, 0.40854854360392523, 0.2055200220706693, 0.12057378779679159, 0.1434804743149331, 0.23007852369244824, 0.18531377586162662, 0.12503676974327954, 0, 0.13663056302428492, 0.20508492803854722, -0.080143946736901617, 0.03390185883664612, 0.026252664833736894, 0.37860892337843477, -0.28191626607991815, 0.072667106474631829], [0.7796924696314449, 0.30718628061645614, 0.33596637700042969, 0.4690379886240495, 0.28515106567482806, 0.99999999999999989, 0.19835021915419848, 0.21779995174362729, 0.24951766862633298, 0.18857937950169382, 0.10985878292763947, 0.1681957213497087, 0.22350148383780116, 0.22440576045886027, 0.51744737671071417, 0.49063571435378789, 0.1858976526023518, 0.20746468937279514, 0.34640310206765651, 0.53891770422868557, 0.38668166063762238, 0.1080359437179126, 0.1080359437179126, 0.075047584653205893, 0.43469306898228727, 0.42520564301223246, 0.2828174107128274, 0.6785960261619437, 0.40169296408690791, 0.10500889316250685, 0.12174301054146092, 0.14289986643509708, 0.28597083183136929, 0.24418400333084384, 0.25419365439471597, 0, 0.14682932175288715, 0.32403982092474992, -0.027471067992781574, 0.1181537212069603, 0.036454391513302785, 0.29421887968021998, -0.55661923574713279, 0.10991480709387356], [0.25404843691571116, 0.24463159013767583, 0, 0.15594314568741063, 0.10914415156233756, 0.19835021915419848, 1.0, -0.026801138366377982, 0.87204561830806804, 0.40747166708768168, 0.052889155452286424, 0.086622491736898219, 0.29343005943163208, 0.3810041405088605, 0, 0.18105840118036221, 0.0030129734505784556, 0.039752130344347686, 0.090295273914382357, 0.12151907896155556, 0.084002679431534388, 0.062176316736292619, 0.062176316736292619, 0.12083336307869839, 0.046721054061041975, 0.083689793947034324, 0.083853022430525809, 0.24371985720889436, 0.12545416750806776, 0.00086035366252453166, 0.011813420947378882, 0.52399550425291452, 0.33781636113642005, 0.22645351982349665, 0, 0, -0.0066118763445356587, 0.42173429869758478, -0.14977809192473168, 0.089838479495833082, 0.020430690475506663, 0.096225136934500854, -0.24019301585443395, 0.072674717546477613], [0.16723066920770993, 0.25620285188590919, 0.69013280640198849, 0.42296533402416525, 0.47296918467608534, 0.21779995174362729, -0.026801138366377982, 1.0, 0.6834294250623707, 0.63819994380055223, 0.23714775842119293, 0.48223730489710509, 0.51678935145390226, 0.074909340870234306, 0.43752740858312822, 0.58079053197917008, 0.79870286429985693, 0.78042992915191334, 0.25420551560364635, 0.2813751486277955, 0.28220528635599401, 0.046936892581832222, 0.046936892581832222, 0.014899359517180022, 0.6230978442216184, 0.71948269854745817, 0.53784522086845254, 0.11870698120808154, 0.53831311198336818, 0.69577827730138231, 0.078110489865380994, -0.27626595391820497, 0.10319198457677706, 0.61139192701985123, 0.043501580559893893, 0, 0.25008690065258077, 0.10876410229390771, 0.1603059864088866, 0.014036247594857556, 0.25211724996905638, 0.70095870011187644, -0.18960480766494445, 0.2335444275300298], [0.17287968715840848, 0.27178551075433788, 0.49717164297354505, 0.28486023391065185, 0.25887618666786627, 0.24951766862633298, 0.87204561830806804, 0.6834294250623707, 1.0, 0.6112899746017062, 0.37144373718590301, 0.25628780870675977, 0.49161354800695134, 0.17674669431267767, 0.42169485379522131, 0.30670526051100244, 0.6039045843568086, 0.5917509162533322, 0.29569178054526385, 0.31875374347455571, 0.30905068557652449, 0.0047096183727308319, 0.0047096183727308319, -0.039560080488884361, 0.38390708451210631, 0.4194938220711753, 0.32752344455124915, 0.18229376240911166, 0.26849905994189283, 0.36813640881396187, 0.05079281028260834, 0.300262986972887, 0.18469875973396296, 0.81220221633703049, 0.14330854041708735, 0, 0.10340797859829393, 0.20383936065606723, 0.062019684709870307, 0.036182320961396362, 0.35163639644388189, 0.39109121348358511, -0.26834421661167007, 0.28159311011252397], [0.20343919875971517, 0.31214834152091686, 0.68005739941348786, 0.26710911252454828, 0.22573256431611727, 0.18857937950169382, 0.40747166708768168, 0.63819994380055223, 0.6112899746017062, 1.0, 0.13644986434950629, 0.30174154998292418, 0.48161514352983398, 0.30069228816314741, 0.49363077372662495, 0.2447418678673294, 0.40417956238529157, 0.45529564004879036, 0.2554056700043803, 0.18980809166886539, 0.22811267602074958, 0.0061178484248142267, 0.0061178484248142267, -0.019431932354188067, 0.19105402647166256, 0.29415112075946387, 0.18247467805643808, 0.16503765020651678, 0.19208726939152418, 0.28043325060911856, 0.068932881052756564, 0.36235270346856335, 0.21133870959344206, 0.42585898590484594, 0.17644229520121235, 0, 0.10060960495489751, 0.3253795657404096, 0.043368622155627645, 0.13867254916543179, 0.17959443370724651, 0.30723796362840794, -0.21046877967583871, 0.13068241148175053], [0.12653555211556636, 0.34338512719355585, 0.32952108770863903, -0.086570729883995029, 0.039499775575443208, 0.10985878292763947, 0.052889155452286424, 0.23714775842119293, 0.37144373718590301, 0.13644986434950629, 1.0, -0.12365131661208821, 0.18526483550306619, 0.075355510367217882, 0.39422273008468883, 0.049118381193485806, 0.040510225402962091, 0.10125430328973037, 0.32843156974807763, 0.20899948010736175, 0.19822729899197791, -0.0062024446757046126, -0.0062024446757046126, 0.093914233537723296, 0.090836602458635701, 0.075393229786258398, 0.1933984032936496, 0.20662823003295192, 0.040782609609687839, -0.032218095520443836, -0.087087568106174088, -0.056678625886196474, -0.18190424473555086, 0.34487110274504201, 0.24010808133216624, 0, 0.045331928808006919, -0.073691625254696427, 0.16243756991628142, 0.1067361674953571, 0.41330262845324678, 0.04203254183926472, -0.35048785665917942, 0.027146014012235979], [0.19509322627223938, 0.22235744621304446, 0.56225894497414441, 0.3076958729014897, 0.23129707679384295, 0.1681957213497087, 0.086622491736898219, 0.48223730489710509, 0.25628780870675977, 0.30174154998292418, -0.12365131661208821, 0.99999999999999989, 0.38058449063380551, 0.26130428175772841, 0.3554192130637901, 0.35671455201481561, 0.43134185222484583, 0.43594831257603311, 0.17211254222703284, 0.11465339953559689, 0.11410075003239396, 0.010283995500992684, 0.010283995500992684, -0.033771733554697869, 0.26110285358265045, 0.35796439524760876, 0.15218010188043885, 0.12124793346515102, 0.35966530555473364, 0.26752347550858396, 0.063027737243394125, 0.0088560898665063746, 0.29095783966497563, 0.22745944733542661, -0.0024455779266042022, 0, 0.1251122174681048, 0.32053798786910431, -0.0060117256636298619, 0.055889847761671108, 0.014106613186752943, 0.33660982567354952, -0.13406420627240093, 0.01643376854958091], [0.27662511857356814, 0.40000533744903116, 0.69240329382857402, 0.30123405600083725, 0.2552498488374898, 0.22350148383780116, 0.29343005943163208, 0.51678935145390226, 0.49161354800695134, 0.48161514352983398, 0.18526483550306619, 0.38058449063380551, 1.0, 0.44271809497351738, 0.51425509068629227, 0.33537616762192646, 0.33757244655076246, 0.33636167102651821, 0.33362310732480144, 0.25354861776999438, 0.26448714110519583, -0.00016437624976740322, -0.00016437624976740322, -0.027028075971890247, 0.26001209593342695, 0.31873200092906245, 0.2235392684404986, 0.17146152801246006, 0.31769597306053821, 0.19498793363056444, 0.14457865234704775, 0.22199703415286434, 0.24515806637875528, 0.42187789880811921, 0.10836236862637973, 0, 0.21772059783108066, 0.41006490454760997, -0.025214511884626076, 0.19428100921282185, 0.28323866609851317, 0.27139370201724561, -0.22645342772736129, 0.17455037174249649], [0.2828198184976905, 0.44879450903323731, 0.14303985333683805, 0.065690931639638545, 0.10043715490708083, 0.22440576045886027, 0.3810041405088605, 0.074909340870234306, 0.17674669431267767, 0.30069228816314741, 0.075355510367217882, 0.26130428175772841, 0.44271809497351738, 1.0, 0.22392408775615216, 0.15364389898405401, 0.060516558095381819, 0.069085457990550922, 0.19061635335669982, 0.13230077312156069, 0.11952043501731215, -0.060502235396712442, -0.060502235396712442, -0.1115311596964346, 0.033624137986021575, 0.069145521355987644, 0.11946732419435035, 0.33419942408149012, 0.1466256825559209, -0.041597139263098507, 0.073202506883855281, 0.17280677101822053, 0.3449459768464202, 0.18397819031517695, 0.076301848646181836, 0, -0.052485278919421917, 0.68628586318180729, -0.29595855788697373, 0.20123631798757458, 0.056214694898487176, 0.084681689469309013, -0.33856426867202272, 0.12435489820872542], [0.51132664619982704, 0.38527574064109232, 0.49766532162053367, 0.54959343952773698, 0.58124773647026684, 0.51744737671071417, 0, 0.43752740858312822, 0.42169485379522131, 0.49363077372662495, 0.39422273008468883, 0.3554192130637901, 0.51425509068629227, 0.22392408775615216, 1.0, 0.63813845686913462, 0.37783256498640883, 0.35491898306545583, 0.25880047863078381, 0.41729118563778062, 0.34968250118922473, 0.46934706788263741, 0.46934706788263741, 0.42768664909563175, 0.73315140530507217, 0.68357360122977673, 0.45372473904255961, 0.45151241673888182, 0.61657578405587832, 0.25170158881754828, 0.31177795474889536, 0, 0.27840725057889665, 0.42117163075742492, 0.203629450834722, 0, 0.27489491514624786, 0.22368327976962965, 0.037443382007594631, 0.00060567919824473803, 0.39558356474039702, 0.51172372001270217, -0.4042099451194171, 0.32759965599140595], [0.55714056294195691, 0.30061849402470608, 0.82088206501621463, 0.88093662100051529, 0.70515064304474817, 0.49063571435378789, 0.18105840118036221, 0.58079053197917008, 0.30670526051100244, 0.2447418678673294, 0.049118381193485806, 0.35671455201481561, 0.33537616762192646, 0.15364389898405401, 0.63813845686913462, 1.0, 0.52044138262335815, 0.56059925764213481, 0.32384261530102615, 0.35837317360428106, 0.339045526336543, 0.080088010212965105, 0.080088010212965105, 0.045239350064889543, 0.47971849942191092, 0.54167940920916169, 0.50636896457210501, 0.4400683647868609, 0.80698758348388422, 0.26190797070295224, 0.21689709622778672, 0.091091095167957395, 0.31569184290526559, 0.25692175286695773, 0.18835294218662108, 0, 0.20076128332907911, 0.27352903076472757, -0.055240020856051994, 0.11576459757271969, 0.0058627721217186816, 0.45970342491300437, -0.42403475777056338, 0.12390738147293098], [0.1068727871581434, 0.17177281330951666, 0.64087753044953488, 0.43518189491924897, 0.41841813702839303, 0.1858976526023518, 0.0030129734505784556, 0.79870286429985693, 0.6039045843568086, 0.40417956238529157, 0.040510225402962091, 0.43134185222484583, 0.33757244655076246, 0.060516558095381819, 0.37783256498640883, 0.52044138262335815, 1.0, 0.97124839304186394, 0.27636770295815594, 0.25006568971884047, 0.26747934313104954, 0.12520930804745925, 0.12520930804745925, 0.051455685577865118, 0.46902935338017676, 0.55902980456807738, 0.38812468417441653, 0.082118385377130093, 0.41105993259053325, 0.53322425871811574, 0.11390290295465011, -0.10783554584625896, 0.16040090872096741, 0.43607814252949145, -0.038825303410853697, 0, 0.21940520242475753, 0.090774412342943464, 0.082134196785387845, 0.018987902414763409, 0.13839607952071739, 0.56442065780191319, -0.11369945712940094, 0.15218594611120029], [0.11584993000565214, 0.24198399379242888, 0.60226814831253173, 0.50437303716112869, 0.45806721276351992, 0.20746468937279514, 0.039752130344347686, 0.78042992915191334, 0.5917509162533322, 0.45529564004879036, 0.10125430328973037, 0.43594831257603311, 0.33636167102651821, 0.069085457990550922, 0.35491898306545583, 0.56059925764213481, 0.97124839304186394, 0.99999999999999978, 0.27462363644976273, 0.24523073324883415, 0.29769189264512552, 0.37022151461732095, 0.37022151461732095, 0.40539125043598695, 0.45337592506535723, 0.53800360340646247, 0.48139003739908737, 0.11451561848335627, 0.42457444569020658, 0.50335103204096598, 0.16221659043031972, -0.1538636360998232, 0.1676852263024661, 0.46431031729638, -0.029340214441474079, 0, 0.25001797713724921, 0.08590741938605119, 0.10859250645576117, 0.0048687056943695029, 0.20242089911090275, 0.55615756071468592, -0.15570737198553042, 0.21533999107428142], [0.36460802085652411, 0.31102097332791029, 0.35039554148030372, 0.35754975050624493, 0.2239963912306315, 0.34640310206765651, 0.090295273914382357, 0.25420551560364635, 0.29569178054526385, 0.2554056700043803, 0.32843156974807763, 0.17211254222703284, 0.33362310732480144, 0.19061635335669982, 0.25880047863078381, 0.32384261530102615, 0.27636770295815594, 0.27462363644976273, 1.0, 0.54279350715039565, 0.66214597057638103, 0.4214054707984608, 0.4214054707984608, 0.49405864718965703, 0.2133851816616103, 0.20837225887610961, 0.2770505141659948, 0.38400250198287528, 0.27863529677289295, 0.10947038611628769, 0.32964452971596125, -0.010442095281735553, 0.18330650125077513, 0.2997733887483004, 0.19984684151706078, 0, 0.14358346627760293, 0.23292244007697641, 0.069249339450086753, -0.022869845520215433, 0.33572278029634206, 0.16424503260615025, -0.41053563113766123, 0.1716122022289743], [0.40506262673415527, 0.16631666860113603, 0.4314469343603396, 0.30820956212170597, 0.24160238208410328, 0.53891770422868557, 0.12151907896155556, 0.2813751486277955, 0.31875374347455571, 0.18980809166886539, 0.20899948010736175, 0.11465339953559689, 0.25354861776999438, 0.13230077312156069, 0.41729118563778062, 0.35837317360428106, 0.25006568971884047, 0.24523073324883415, 0.54279350715039565, 0.99999999999999978, 0.74794748687912127, 0.18661343471738998, 0.18661343471738998, 0.13927209240809277, 0.32197112403105882, 0.33746184650701067, 0.239624554877123, 0.47231681932686959, 0.33438264411050489, 0.15886087501289042, 0.1810122988308995, -0.061076088189343535, 0.14093480942273198, 0.21648767882868061, 0.22655754302566042, 0, 0.096870128854570012, 0.1359851052036864, 0.037965637875130291, -0.021479454226148258, 0.15267569844795117, 0.29235836933577336, -0.44463334898885654, 0.006709178881272434], [0.3145561870304292, 0.10848160892057961, 0.38889793648661392, 0.31036663505066053, 0.23638097272737341, 0.38668166063762238, 0.084002679431534388, 0.28220528635599401, 0.30905068557652449, 0.22811267602074958, 0.19822729899197791, 0.11410075003239396, 0.26448714110519583, 0.11952043501731215, 0.34968250118922473, 0.339045526336543, 0.26747934313104954, 0.29769189264512552, 0.66214597057638103, 0.74794748687912127, 1.0, 0.3930686603763503, 0.3930686603763503, 0.33874737849241893, 0.24367899673320667, 0.2528006988699244, 0.18747797925522236, 0.36268667764658175, 0.31920566839927156, 0.16394018343674063, 0.26293755624628884, -0.093298102197271332, 0.10492695218252224, 0.28509525022526833, 0.20719030893288085, 0, 0.093684389784056604, 0.13658720846873915, 0.04177237262584698, 0.026503713559780481, 0.151008877767288, 0.2290141777274573, -0.37140004796443149, 0.043997924040170604], [0.040340871027620573, 0.013140300640150272, 0.456341573413583, 0.062349104429706523, 0.029787907997263899, 0.1080359437179126, 0.062176316736292619, 0.046936892581832222, 0.0047096183727308319, 0.0061178484248142267, -0.0062024446757046126, 0.010283995500992684, -0.00016437624976740322, -0.060502235396712442, 0.46934706788263741, 0.080088010212965105, 0.12520930804745925, 0.37022151461732095, 0.4214054707984608, 0.18661343471738998, 0.3930686603763503, 1.0, 1.0, 0.96074031166299811, 0.069322107201159708, 0.067403668778985876, 0.008092819241111552, -0.024025467799673541, 0.10287593225898782, 0.015012150802032319, 0.25097756700807239, -0.068293220575947416, 0.026587015893223355, 0.0034828920533578121, 0.024948782128596289, 0, 0.026207007475741458, -0.056660561530802039, 0.075617710387564555, 0.092727576627360281, 0.012619843663846804, 0.06668343044767798, 0.044240677010595038, 0.047663730714034722], [0.040340871027620573, 0.013140300640150272, 0.456341573413583, 0.062349104429706523, 0.029787907997263899, 0.1080359437179126, 0.062176316736292619, 0.046936892581832222, 0.0047096183727308319, 0.0061178484248142267, -0.0062024446757046126, 0.010283995500992684, -0.00016437624976740322, -0.060502235396712442, 0.46934706788263741, 0.080088010212965105, 0.12520930804745925, 0.37022151461732095, 0.4214054707984608, 0.18661343471738998, 0.3930686603763503, 1.0, 1.0, 0.96074031166299811, 0.069322107201159708, 0.067403668778985876, 0.008092819241111552, -0.024025467799673541, 0.10287593225898782, 0.015012150802032319, 0.25097756700807239, -0.068293220575947416, 0.026587015893223355, 0.0034828920533578121, 0.024948782128596289, 0, 0.026207007475741458, -0.056660561530802039, 0.075617710387564555, 0.092727576627360281, 0.012619843663846804, 0.06668343044767798, 0.044240677010595038, 0.047663730714034722], [0.0074533502540705763, 0.054027198211396898, 0.43820502920261856, 0.032247767678926412, -0.00063458783207097499, 0.075047584653205893, 0.12083336307869839, 0.014899359517180022, -0.039560080488884361, -0.019431932354188067, 0.093914233537723296, -0.033771733554697869, -0.027028075971890247, -0.1115311596964346, 0.42768664909563175, 0.045239350064889543, 0.051455685577865118, 0.40539125043598695, 0.49405864718965703, 0.13927209240809277, 0.33874737849241893, 0.96074031166299811, 0.96074031166299811, 1.0, 0.009690659250222125, 0.010499307622727917, -0.0096560364116342837, -0.027823691407243126, 0.080065766611410391, -0.0045311561960873483, 0.30827215122291218, -0.0895665090487439, -0.067544633868801579, 0.0099652781462235811, 0.05452685824663369, 0, 0.013694581040155815, -0.11508213370856955, 0.10560719348641268, 0.068193629017113094, 0.091689993779553711, 0.030094783231393238, 0.017426563528333664, 0.09239976998608615], [0.43041107651319083, 0.23909752920214666, 0.61176851609210936, 0.48188197757469675, 0.31013385413171418, 0.43469306898228727, 0.046721054061041975, 0.6230978442216184, 0.38390708451210631, 0.19105402647166256, 0.090836602458635701, 0.26110285358265045, 0.26001209593342695, 0.033624137986021575, 0.73315140530507217, 0.47971849942191092, 0.46902935338017676, 0.45337592506535723, 0.2133851816616103, 0.32197112403105882, 0.24367899673320667, 0.069322107201159708, 0.069322107201159708, 0.009690659250222125, 0.99999999999999978, 0.89455594796272542, 0.24981240729038612, 0.28803961116834698, 0.39193429074222008, 0.22041432289993257, 0.083075515095825128, 0.069703071901529384, 0.20521229237033864, 0.31849125136600631, 0.29115165619820316, 0, 0.25686718996776259, 0.13624119670145804, 0.082395726351502607, 0.16381455187121879, 0.053342735997995723, 0.49041796294306161, -0.27502333264044737, 0.11670347279148079], [0.40163260143288215, 0.26679419011074224, 0.6232566624452256, 0.50768534809325438, 0.39202518324077507, 0.42520564301223246, 0.083689793947034324, 0.71948269854745817, 0.4194938220711753, 0.29415112075946387, 0.075393229786258398, 0.35796439524760876, 0.31873200092906245, 0.069145521355987644, 0.68357360122977673, 0.54167940920916169, 0.55902980456807738, 0.53800360340646247, 0.20837225887610961, 0.33746184650701067, 0.2528006988699244, 0.067403668778985876, 0.067403668778985876, 0.010499307622727917, 0.89455594796272542, 1.0, 0.28000993719235517, 0.29600001023999833, 0.43415829548334262, 0.35063625413055693, 0.069405427374364365, 0.08416816181572688, 0.24764301185456525, 0.37527044454294062, 0.24037198726371095, 0, 0.22926077381617371, 0.17109070545704338, 0.057708336552117274, 0.059549351245982866, 0.042617413229563667, 0.8103760580311663, -0.30427440548533746, 0.1265721778837908], [0.28966634777092953, 0.21562953315165975, 0.68848491642622178, 0.34066121787221432, 0.3007094765663777, 0.2828174107128274, 0.083853022430525809, 0.53784522086845254, 0.32752344455124915, 0.18247467805643808, 0.1933984032936496, 0.15218010188043885, 0.2235392684404986, 0.11946732419435035, 0.45372473904255961, 0.50636896457210501, 0.38812468417441653, 0.48139003739908737, 0.2770505141659948, 0.239624554877123, 0.18747797925522236, 0.008092819241111552, 0.008092819241111552, -0.0096560364116342837, 0.24981240729038612, 0.28000993719235517, 0.99999999999999989, 0.26103944973696641, 0.28806612157077033, 0.20013643536554787, 0.034176047567111553, 0.01701955426053138, 0.13793321596014863, 0.27301858697052062, 0.1249641004171903, 0, 0.17885050663990662, 0.091750787690669855, 0.073512352682724019, 0.031281112808016605, 0.048670163378244438, 0.23431253477709391, -0.26533592315152116, 0.043508872696362895], [0.71469609041991089, 0.35802526197359735, 0.25845359960372327, 0.34695160973883865, 0.27344766364073042, 0.6785960261619437, 0.24371985720889436, 0.11870698120808154, 0.18229376240911166, 0.16503765020651678, 0.20662823003295192, 0.12124793346515102, 0.17146152801246006, 0.33419942408149012, 0.45151241673888182, 0.4400683647868609, 0.082118385377130093, 0.11451561848335627, 0.38400250198287528, 0.47231681932686959, 0.36268667764658175, -0.024025467799673541, -0.024025467799673541, -0.027823691407243126, 0.28803961116834698, 0.29600001023999833, 0.26103944973696641, 1.0, 0.368518385410047, -0.027218245315482059, 0.07536687813184037, 0.1491649049519807, 0.25920308865240416, 0.2076411183546748, 0.29613309116140929, 0, -0.025629347959567086, 0.3607999795361771, -0.17887749518593318, 0.11757456795162911, -0.065083548039785472, 0.24778929151897897, -0.74332596421549701, 0.080130567170579703], [0.46699555993065156, 0.24661914412797428, 0.84495956975741915, 0.59572207481482187, 0.40854854360392523, 0.40169296408690791, 0.12545416750806776, 0.53831311198336818, 0.26849905994189283, 0.19208726939152418, 0.040782609609687839, 0.35966530555473364, 0.31769597306053821, 0.1466256825559209, 0.61657578405587832, 0.80698758348388422, 0.41105993259053325, 0.42457444569020658, 0.27863529677289295, 0.33438264411050489, 0.31920566839927156, 0.10287593225898782, 0.10287593225898782, 0.080065766611410391, 0.39193429074222008, 0.43415829548334262, 0.28806612157077033, 0.368518385410047, 1.0, 0.20833631324583066, 0.2106578324366403, 0.03550422453091908, 0.27757992136143012, 0.24574263198982918, 0.19983727566372089, 0, 0.14711239912784937, 0.25529135350434018, -0.085220630256558585, 0.13339022383982546, 0.029523489665149553, 0.35812058750982412, -0.37210015412925973, 0.11031531661581287], [0.030336538466298968, 0.053968087888560806, 0.53057335800162775, 0.25610408371739829, 0.2055200220706693, 0.10500889316250685, 0.00086035366252453166, 0.69577827730138231, 0.36813640881396187, 0.28043325060911856, -0.032218095520443836, 0.26752347550858396, 0.19498793363056444, -0.041597139263098507, 0.25170158881754828, 0.26190797070295224, 0.53322425871811574, 0.50335103204096598, 0.10947038611628769, 0.15886087501289042, 0.16394018343674063, 0.015012150802032319, 0.015012150802032319, -0.0045311561960873483, 0.22041432289993257, 0.35063625413055693, 0.20013643536554787, -0.027218245315482059, 0.20833631324583066, 1.0, 0.04062546259384426, 0.08419470824504513, 0.0071842088647869036, 0.30783538596511484, 0.016686240848839507, 0, 0.12406778570602653, 0.036815017849490157, 0.072306154211931553, -0.056184384786420405, -0.050186089828904046, 0.38207271771180812, -0.006515014057215828, 0.037380845063636196], [0.16304756466234857, 0.22726472935554615, 0.31342276620209919, 0.21997131018607527, 0.12057378779679159, 0.12174301054146092, 0.011813420947378882, 0.078110489865380994, 0.05079281028260834, 0.068932881052756564, -0.087087568106174088, 0.063027737243394125, 0.14457865234704775, 0.073202506883855281, 0.31177795474889536, 0.21689709622778672, 0.11390290295465011, 0.16221659043031972, 0.32964452971596125, 0.1810122988308995, 0.26293755624628884, 0.25097756700807239, 0.25097756700807239, 0.30827215122291218, 0.083075515095825128, 0.069405427374364365, 0.034176047567111553, 0.07536687813184037, 0.2106578324366403, 0.04062546259384426, 1.0, 0.04829806480336004, 0.051215554720494563, 0.071727025415366422, 0.1478429781281152, 0, 0.17889185253559223, 0.18169891739599758, -0.14706921628071909, 0.17455182485134754, 0.054295076576559166, 0.049526677675340559, -0.0062281476073006697, 0.44915992562534762], [0.1299538383000107, 0.12017184815760587, 0, 0.029724638609980897, 0.1434804743149331, 0.14289986643509708, 0.52399550425291452, -0.27626595391820497, 0.300262986972887, 0.36235270346856335, -0.056678625886196474, 0.0088560898665063746, 0.22199703415286434, 0.17280677101822053, 0, 0.091091095167957395, -0.10783554584625896, -0.1538636360998232, -0.010442095281735553, -0.061076088189343535, -0.093298102197271332, -0.068293220575947416, -0.068293220575947416, -0.0895665090487439, 0.069703071901529384, 0.08416816181572688, 0.01701955426053138, 0.1491649049519807, 0.03550422453091908, 0.08419470824504513, 0.04829806480336004, 1.0, 0.22759013155910748, 0.25268858963679702, 0, 0, 0.033214623133462642, 0.29316471021377344, -0.14688040988560633, 0.11035262298609097, -0.075870836329826136, 0.060996088838939748, -0.10772089892808252, 0.073054380780760056], [0.31162921499771479, 0.24701146422909379, 0.33212529799118817, 0.27887126865787437, 0.23007852369244824, 0.28597083183136929, 0.33781636113642005, 0.10319198457677706, 0.18469875973396296, 0.21133870959344206, -0.18190424473555086, 0.29095783966497563, 0.24515806637875528, 0.3449459768464202, 0.27840725057889665, 0.31569184290526559, 0.16040090872096741, 0.1676852263024661, 0.18330650125077513, 0.14093480942273198, 0.10492695218252224, 0.026587015893223355, 0.026587015893223355, -0.067544633868801579, 0.20521229237033864, 0.24764301185456525, 0.13793321596014863, 0.25920308865240416, 0.27757992136143012, 0.0071842088647869036, 0.051215554720494563, 0.22759013155910748, 1.0, 0.046603976977445505, 0.15394940289771883, 0, 0.12558260341399971, 0.46981470866748748, -0.21506408864790547, 0.051827509445340446, -0.1195713910413376, 0.19450600579424585, -0.25148418116780991, -0.021238937815273896], [0.22448033266862405, 0.31915471294162945, 0.65407307263255743, 0.16425754165750184, 0.18531377586162662, 0.24418400333084384, 0.22645351982349665, 0.61139192701985123, 0.81220221633703049, 0.42585898590484594, 0.34487110274504201, 0.22745944733542661, 0.42187789880811921, 0.18397819031517695, 0.42117163075742492, 0.25692175286695773, 0.43607814252949145, 0.46431031729638, 0.2997733887483004, 0.21648767882868061, 0.28509525022526833, 0.0034828920533578121, 0.0034828920533578121, 0.0099652781462235811, 0.31849125136600631, 0.37527044454294062, 0.27301858697052062, 0.2076411183546748, 0.24574263198982918, 0.30783538596511484, 0.071727025415366422, 0.25268858963679702, 0.046603976977445505, 1.0, 0.21242962915628621, 0, 0.096720751359075208, 0.21591784217720386, 0.071000906625260263, 0.076294551846173078, 0.26919040430217184, 0.33766479987115272, -0.28788216927358479, 0.2337000530460899], [0.23101299725121668, 0.14451094897748837, 0.10715956630401034, 0.15199265465687054, 0.12503676974327954, 0.25419365439471597, 0, 0.043501580559893893, 0.14330854041708735, 0.17644229520121235, 0.24010808133216624, -0.0024455779266042022, 0.10836236862637973, 0.076301848646181836, 0.203629450834722, 0.18835294218662108, -0.038825303410853697, -0.029340214441474079, 0.19984684151706078, 0.22655754302566042, 0.20719030893288085, 0.024948782128596289, 0.024948782128596289, 0.05452685824663369, 0.29115165619820316, 0.24037198726371095, 0.1249641004171903, 0.29613309116140929, 0.19983727566372089, 0.016686240848839507, 0.1478429781281152, 0, 0.15394940289771883, 0.21242962915628621, 1.0, 0, 0.019247609280245118, 0.13889475994818978, 0.01340776762331891, 0.030134071382013929, 0.066918852269023874, 0.13006739221002045, -0.47901658567869598, -0.045248152877933295], [0, 0, 0, 0, 0, 0, 0, 0, 0, 0, 0, 0, 0, 0, 0, 0, 0, 0, 0, 0, 0, 0, 0, 0, 0, 0, 0, 0, 0, 0, 0, 0, 0, 0, 0, 0, 0, 0, 0, 0, 0, 0, 0, 0], [0.15727420590597169, 0.14097010317667802, 0.34142225024215922, 0.16214521434663115, 0.13663056302428492, 0.14682932175288715, -0.0066118763445356587, 0.25008690065258077, 0.10340797859829393, 0.10060960495489751, 0.045331928808006919, 0.1251122174681048, 0.21772059783108066, -0.052485278919421917, 0.27489491514624786, 0.20076128332907911, 0.21940520242475753, 0.25001797713724921, 0.14358346627760293, 0.096870128854570012, 0.093684389784056604, 0.026207007475741458, 0.026207007475741458, 0.013694581040155815, 0.25686718996776259, 0.22926077381617371, 0.17885050663990662, -0.025629347959567086, 0.14711239912784937, 0.12406778570602653, 0.17889185253559223, 0.033214623133462642, 0.12558260341399971, 0.096720751359075208, 0.019247609280245118, 0, 0.99999999999999989, 0.034538916987143078, 0.23248598430942094, 0.14634763863604347, 0.18069197066055856, 0.11611736454612391, 0.03893004849865566, 0.15641363424281393], [0.42868066900855595, 0.39926877335388572, 0.25362969616294889, 0.21685775249886385, 0.20508492803854722, 0.32403982092474992, 0.42173429869758478, 0.10876410229390771, 0.20383936065606723, 0.3253795657404096, -0.073691625254696427, 0.32053798786910431, 0.41006490454760997, 0.68628586318180729, 0.22368327976962965, 0.27352903076472757, 0.090774412342943464, 0.08590741938605119, 0.23292244007697641, 0.1359851052036864, 0.13658720846873915, -0.056660561530802039, -0.056660561530802039, -0.11508213370856955, 0.13624119670145804, 0.17109070545704338, 0.091750787690669855, 0.3607999795361771, 0.25529135350434018, 0.036815017849490157, 0.18169891739599758, 0.29316471021377344, 0.46981470866748748, 0.21591784217720386, 0.13889475994818978, 0, 0.034538916987143078, 1.0, -0.43773654119479766, 0.19856528137401017, -0.016717398305667066, 0.15588866558128031, -0.33681905558978259, 0.1941638680715379], [-0.13904435733156456, -0.090977308455624836, 0.032229164895367569, 0.019571382805886033, -0.080143946736901617, -0.027471067992781574, -0.14977809192473168, 0.1603059864088866, 0.062019684709870307, 0.043368622155627645, 0.16243756991628142, -0.0060117256636298619, -0.025214511884626076, -0.29595855788697373, 0.037443382007594631, -0.055240020856051994, 0.082134196785387845, 0.10859250645576117, 0.069249339450086753, 0.037965637875130291, 0.04177237262584698, 0.075617710387564555, 0.075617710387564555, 0.10560719348641268, 0.082395726351502607, 0.057708336552117274, 0.073512352682724019, -0.17887749518593318, -0.085220630256558585, 0.072306154211931553, -0.14706921628071909, -0.14688040988560633, -0.21506408864790547, 0.071000906625260263, 0.01340776762331891, 0, 0.23248598430942094, -0.43773654119479766, 0.99999999999999978, 0.03385571984540385, 0.17744335577177092, 0.0048004505792074957, 0.14207189648566143, -0.14391773448445661], [0.16066203476576241, 0.25671886294151836, -0.023922604300118454, 0.083342813849692596, 0.03390185883664612, 0.1181537212069603, 0.089838479495833082, 0.014036247594857556, 0.036182320961396362, 0.13867254916543179, 0.1067361674953571, 0.055889847761671108, 0.19428100921282185, 0.20123631798757458, 0.00060567919824473803, 0.11576459757271969, 0.018987902414763409, 0.0048687056943695029, -0.022869845520215433, -0.021479454226148258, 0.026503713559780481, 0.092727576627360281, 0.092727576627360281, 0.068193629017113094, 0.16381455187121879, 0.059549351245982866, 0.031281112808016605, 0.11757456795162911, 0.13339022383982546, -0.056184384786420405, 0.17455182485134754, 0.11035262298609097, 0.051827509445340446, 0.076294551846173078, 0.030134071382013929, 0, 0.14634763863604347, 0.19856528137401017, 0.03385571984540385, 1.0, 0.010358590309197063, -0.011484948454303813, -0.090223453594417788, 0.23274697853729953], [0.02073030149364781, 0.20142497779745411, 0.35089215822798564, -0.00220410008947825, 0.026252664833736894, 0.036454391513302785, 0.020430690475506663, 0.25211724996905638, 0.35163639644388189, 0.17959443370724651, 0.41330262845324678, 0.014106613186752943, 0.28323866609851317, 0.056214694898487176, 0.39558356474039702, 0.0058627721217186816, 0.13839607952071739, 0.20242089911090275, 0.33572278029634206, 0.15267569844795117, 0.151008877767288, 0.012619843663846804, 0.012619843663846804, 0.091689993779553711, 0.053342735997995723, 0.042617413229563667, 0.048670163378244438, -0.065083548039785472, 0.029523489665149553, -0.050186089828904046, 0.054295076576559166, -0.075870836329826136, -0.1195713910413376, 0.26919040430217184, 0.066918852269023874, 0, 0.18069197066055856, -0.016717398305667066, 0.17744335577177092, 0.010358590309197063, 1.0, 0.014279148577554293, -0.012967085912915817, 0.11488730144379143], [0.25541829369545627, 0.24430037856849499, 0.57212978047037222, 0.43645805528270626, 0.37860892337843477, 0.29421887968021998, 0.096225136934500854, 0.70095870011187644, 0.39109121348358511, 0.30723796362840794, 0.04203254183926472, 0.33660982567354952, 0.27139370201724561, 0.084681689469309013, 0.51172372001270217, 0.45970342491300437, 0.56442065780191319, 0.55615756071468592, 0.16424503260615025, 0.29235836933577336, 0.2290141777274573, 0.06668343044767798, 0.06668343044767798, 0.030094783231393238, 0.49041796294306161, 0.8103760580311663, 0.23431253477709391, 0.24778929151897897, 0.35812058750982412, 0.38207271771180812, 0.049526677675340559, 0.060996088838939748, 0.19450600579424585, 0.33766479987115272, 0.13006739221002045, 0, 0.11611736454612391, 0.15588866558128031, 0.0048004505792074957, -0.011484948454303813, 0.014279148577554293, 1.0, -0.26146628521194848, 0.13184753731898152], [-0.54540928243816533, -0.39575962123374803, -0.28238116596549512, -0.31955126876741935, -0.28191626607991815, -0.55661923574713279, -0.24019301585443395, -0.18960480766494445, -0.26834421661167007, -0.21046877967583871, -0.35048785665917942, -0.13406420627240093, -0.22645342772736129, -0.33856426867202272, -0.4042099451194171, -0.42403475777056338, -0.11369945712940094, -0.15570737198553042, -0.41053563113766123, -0.44463334898885654, -0.37140004796443149, 0.044240677010595038, 0.044240677010595038, 0.017426563528333664, -0.27502333264044737, -0.30427440548533746, -0.26533592315152116, -0.74332596421549701, -0.37210015412925973, -0.006515014057215828, -0.0062281476073006697, -0.10772089892808252, -0.25148418116780991, -0.28788216927358479, -0.47901658567869598, 0, 0.03893004849865566, -0.33681905558978259, 0.14207189648566143, -0.090223453594417788, -0.012967085912915817, -0.26146628521194848, 1.0, -0.057739524011867896], [0.1817125334234575, 0.31154564562225834, 0.27453645603540006, 0.13179795904155753, 0.072667106474631829, 0.10991480709387356, 0.072674717546477613, 0.2335444275300298, 0.28159311011252397, 0.13068241148175053, 0.027146014012235979, 0.01643376854958091, 0.17455037174249649, 0.12435489820872542, 0.32759965599140595, 0.12390738147293098, 0.15218594611120029, 0.21533999107428142, 0.1716122022289743, 0.006709178881272434, 0.043997924040170604, 0.047663730714034722, 0.047663730714034722, 0.09239976998608615, 0.11670347279148079, 0.1265721778837908, 0.043508872696362895, 0.080130567170579703, 0.11031531661581287, 0.037380845063636196, 0.44915992562534762, 0.073054380780760056, -0.021238937815273896, 0.2337000530460899, -0.045248152877933295, 0, 0.15641363424281393, 0.1941638680715379, -0.14391773448445661, 0.23274697853729953, 0.11488730144379143, 0.13184753731898152, -0.057739524011867896, 1.0]]