['ComsxFac', 'ExAggFan', 'ExAggbeh', 'Exhibit', 'Fetish', 'HypSxRat', 'Inhadhd', 'JuvDelFc', 'JuvDrgFc', 'JuvaslFc', 'Masadeq', 'PAAgFan', 'PAFght', 'PAcnang', 'PCD', 'ParaRat', 'Pnchldad', 'Pnchldjv', 'Pnearex', 'Pnheter', 'Pnhomo', 'Pnvio', 'Pnvioad', 'Pnviojv', 'Sadbehr', 'Sadtot', 'Scatol', 'SxPrFAC', 'Voyeur', 'age', 'anxwom', 'attadhd', 'conchr', 'dralcadu', 'erecdys', 'genderversion', 'hoswom', 'impul', 'lkemp', 'lkprtkg', 'negmas', 'sadfanr', 'sxdeny', 'sxperanx']
[[1.0, 0.34761785687620322, 0.31493761540894299, 0.48308752556316653, 0.29379753080725257, 0.71930107192673498, 0.24335064342772564, 0.26859325371978915, 0.084642095413578436, 0.1374339932838089, 0.029836801760053128, 0.23227106128251837, 0.22980640355568874, 0.25519720667089302, 0.52944051671467218, 0.52745647312900967, 0.18186128972506682, 0.19254609956726831, 0.27469860818836245, 0.35227209642688917, 0.32539916911433941, 0.27856180904218458, 0.27856180904218458, 0.27371512651106433, 0.42954155060009802, 0.43090874303037346, 0.24179460455613558, 0.6573381410332868, 0.41665089987939075, -0.0085754526408427928, 0.20580950675013107, 0.18757954933044413, 0.33003975846751576, 0.16704963964883215, 0.38468207867139681, 0.17292949297839755, 0.20462584699140871, 0.40369505034288111, -0.098007028022212103, 0.16352654443009593, 0.032392838214060436, 0.23799356928263873, -0.48781983568617943, 0.1763200022946429], [0.34761785687620322, 1.0, 0.39251792983136263, 0.042360327519270692, -0.032194898961478202, 0.26357831949330041, 0.28866886688668869, 0.16569801610437165, 0.1569955594338143, 0.26858945402806694, 0.33040712408662448, -0.018812341089559051, 0.28048073765570952, 0.43309818665535132, 0.38749859723936708, 0.19370962602214203, -0.11907783196126755, 0.041569119086359616, 0.32506999796271224, 0.15887346777815509, 0.099424256724870222, 0.0047114914583124279, 0.0047114914583124279, 0.099330774389634849, 0.085954532445431858, 0.098515667406046226, -0.039463249579397945, 0.31666504226827419, 0.044267518346120624, -0.084593501597323748, 0.22786032046775964, 0.1713876764020488, 0.23518547718622654, 0.28754132339240357, 0.23318701025301156, -0.18918007088045311, 0.13788488111225131, 0.37646362595515354, -0.092156850747323396, 0.23492816152460044, 0.20071410754733215, -0.047293367338328, -0.37565134562014646, 0.23584978258232664], [0.31493761540894299, 0.39251792983136263, 1.0, 0.57133165342120562, 0.60052947837708248, 0.17678864733067404, 0, 0.34002917742116484, 0.077136531967639588, 0.095754991277379339, 0.11220554779077953, 0.44262453963946502, 0.48162638618255271, -0.071367360055498305, 0.61859703532916421, 0.34441599249140487, 0.89565501270135994, 0.90795849868905643, 0.41589047244978117, 0.098346272737474622, 0.20155884963426204, 0.49655175931688106, 0.49655175931688106, 0.59376562165250302, 0.58296691525285405, 0.46145213780720457, 0.9337539914916192, 0.11601085481682497, 0.60816049622019774, 0.56609298007569808, 0.4511074157578478, 0, 0.028738739657828423, 0.081105069321880011, 0.42729109068464921, 0.98475836810479389, 0.98475836810479389, 0.0286826292325114, 0.3031391232490997, 0.079860438069393289, 0.26434131461625571, 0.62509054182267065, 0.15605329470215568, 0.4662368268024199], [0.48308752556316653, 0.042360327519270692, 0.57133165342120562, 1.0, 0.70473280300484942, 0.33945967283031109, -0.068958431439702053, 0.22594443718423216, 0.11624414177650315, 0.035184190747347549, -0.44957574368665043, 0.65866690878440715, 0.37590818429173767, 0.14458696981063499, 0.62551154004414022, 0.75253956585829118, 0.68446883046558138, 0.63410172725619196, 0.22033896200337272, 0.14423679932882388, 0.25049066737393494, 0.35358301290504679, 0.35358301290504679, 0.29174965261695229, 0.52926145025937021, 0.48398697031079757, 0.70540453407548243, 0.2487920154248032, 0.81437062658647008, 0.082807180409437922, 0.21362480360302272, 0.06293077614623914, 0.53963795953008442, -0.20476303026638598, 0.31463724611126276, 0.82008434631123261, 0.37702320446066334, 0.33071725212344982, -0.11751846471457619, 0.26834357478427889, -0.18380159486969339, 0.63748808023289916, -0.047186264533416233, 0.16762324213780902], [0.29379753080725257, -0.032194898961478202, 0.60052947837708248, 0.70473280300484942, 1.0, 0.21766490035504646, -0.040769667130040287, 0.20414433525564926, -0.043069705891367493, 0.0407096975474645, -0.34147418306279304, 0.53958838001747822, 0.25792740232605349, 0.0040446059474012327, 0.65379618199728173, 0.67030022272474599, 0.62340698402617911, 0.66523254454017389, 0.041306997402621122, 0.1063993001816836, 0.20087816323110441, 0.31826595123309392, 0.31826595123309392, 0.20728022849888925, 0.40482733563130324, 0.40548060147358134, 0.60195649270209028, 0.1137142325243375, 0.54318480640185984, 0.16713093224895398, 0.097055954418262397, 0.080427897609952836, 0.40118115760678519, -0.30733522644048156, 0.27815367821917275, 0.66998900093692149, 0.31992040748129169, 0.18266760748705826, -0.018060693032592622, -0.0092779339313621822, -0.1265657511067777, 0.58099712944224002, 0.013697232326975525, 0.026522159905449528], [0.71930107192673498, 0.26357831949330041, 0.17678864733067404, 0.33945967283031109, 0.21766490035504646, 1.0, 0.17367575838043575, 0.23687287661353953, 0.18689050389518608, 0.14911943593461779, 0.092900368637093542, 0.130920133878072, 0.1613962300361701, 0.20240312297325469, 0.39216698462574345, 0.44075971866786484, 0.072286304341237645, 0.04946252223674464, 0.35816781121373675, 0.53178290432872088, 0.39957657021877208, 0.3041362899417504, 0.3041362899417504, 0.27531513534338836, 0.39255976573323897, 0.41100092313832925, 0.18918865876527921, 0.66092663343806402, 0.3091462014575343, 0.080984812228167155, 0.088764551950904144, 0.16578657865786581, 0.28088197923342173, 0.20962925359795606, 0.36715241770951101, 0.083464730151724884, 0.090905104845203949, 0.29253488813412515, 0.0024190197252846454, 0.10992449578679996, 0.041662344088671595, 0.20896570712981355, -0.54238302067802358, 0.065830188120504868], [0.24335064342772564, 0.28866886688668869, 0, -0.068958431439702053, -0.040769667130040287, 0.17367575838043575, 1.0, 0.0, 0.88181818181818183, 0.42100306910822444, 0.068376082271609767, 0.033226533311179668, 0.21084679298639838, 0.38525644843116091, 0, 0.084384331937091842, 0.019841448245890094, -0.10290516206482593, 0.11436510141706027, 0.10087913673513559, 0.082063270841762945, 0.19788247988131097, 0.19788247988131097, 0.21795918367346939, 0.022841954408080019, 0.041531204025786063, -0.018638840292310405, 0.23132095135296088, 0.067263325704848276, -0.025400980163697816, 0.024291047797914616, 0.50470175096327374, 0.33163036499198234, 0.25786613723673146, 0, -0.070659758915136178, 0.0075842559625420676, 0.43086388506346074, -0.14761398964198555, 0.090873241675563293, 0.043547737368153892, -0.0075336410349304992, -0.22449696653887669, 0.075104998184547508], [0.26859325371978915, 0.16569801610437165, 0.34002917742116484, 0.22594443718423216, 0.20414433525564926, 0.23687287661353953, 0.0, 1.0, 0.3702840098534238, 0.26468253689512017, 0.2120911566441655, 0.25174462950103027, 0.29208010508348375, 0.13107110195315019, 0.33381112210648739, 0.18847121503625872, 0.40349538214342401, 0.40916232405948655, 0.15223074392756358, 0.17718449711723253, 0.21784167441438579, 0.18008736706684259, 0.18008736706684259, 0.21220589190804776, 0.33950831616215665, 0.3247714620735192, 0.33612619383781833, 0.21181357983933091, 0.27289173999992411, 0.066575819091571078, 0.024847748361582711, -0.42857142857142855, 0.13261170388373381, 0.30309972943538133, 0.2307304458565618, 0.3205313178283683, 0.3794248973867273, 0.15025348831031826, 0.10169730430893793, 0.11037746230879278, 0.27403609083820935, 0.2761920817440861, -0.19264257768771606, -0.025969762742660194], [0.084642095413578436, 0.1569955594338143, 0.077136531967639588, 0.11624414177650315, -0.043069705891367493, 0.18689050389518608, 0.88181818181818183, 0.3702840098534238, 1.0000000000000002, 0.37004628068777401, 0.26177885872220596, 0.0088955556477042664, 0.27416935450429908, 0.19407960566762644, 0.26448414115342633, 0.064565796282039969, 0.13722614683000983, 0.12369384637917687, 0.25770754241386046, 0.20963164638052531, 0.2143674710338396, 0.06551534560387659, 0.06551534560387659, 0.037339130100225076, 0.13490901617029563, 0.12293949976472032, 0.054074665695499402, 0.13383358063242462, 0.0935800194353648, 0.026256673018917934, 0.0077939779215698305, 0.29999999999999999, 0.2036936207651909, 0.7219173902188688, 0.22059230959156889, -0.0031469785940550863, 0.080401652186298259, 0.15829094993500512, 0.041557966245927683, 0.024246428886937742, 0.20933222033718016, 0.025778000537267046, -0.24045584764693265, 0.070710111978711243], [0.1374339932838089, 0.26858945402806694, 0.095754991277379339, 0.035184190747347549, 0.0407096975474645, 0.14911943593461779, 0.42100306910822444, 0.26468253689512017, 0.37004628068777401, 1.0, 0.12642375211233162, 0.13809719159643238, 0.35395886707239271, 0.32301971798950951, 0.21383059639147622, 0.096984128929860622, -0.0071027098640089022, -0.024825132497142823, 0.22241863919994087, 0.11803537792198703, 0.15665118131713504, 0.088784193516539323, 0.088784193516539323, 0.10468800388122315, 0.076286168909071236, 0.11243372316906659, 0.064805312725882233, 0.13811000257145026, 0.044498387717807564, 0.097140746005317011, 0.055492227301680089, 0.36005444551023247, 0.24183906649249476, 0.28749420542509002, 0.21775941158889192, 0.006540609784406049, 0.065032159025017452, 0.32126458879336472, -0.018193324793256586, 0.12235288667012473, 0.16570638566566268, 0.11353858809834831, -0.18174851606095105, 0.080992406591716498], [0.029836801760053128, 0.33040712408662448, 0.11220554779077953, -0.44957574368665043, -0.34147418306279304, 0.092900368637093542, 0.068376082271609767, 0.2120911566441655, 0.26177885872220596, 0.12642375211233162, 1.0, -0.41136517831909364, -0.0098357470032254587, 0.079335179337964024, 0.24077856332373221, -0.11833322294563445, -0.48146044308592856, -0.31303591324027585, 0.33255026962512102, 0.2118946554650521, 0.15914915725350803, -0.073935431840160437, -0.073935431840160437, 0.14637119904110957, -0.15199639989133393, -0.12998061908554703, -0.3277902588131138, 0.15941165880545474, -0.34224705522845966, -0.10626520663833348, -0.12085111253564688, -0.046807242300584737, -0.19827742424220507, 0.4578434606037301, 0.30103205852923215, -0.55444685808283878, 0.0029812892076929469, -0.08785645524074899, 0.17557471182017309, 0.092479956134191924, 0.38842814824579758, -0.3640994631627828, -0.37299752328739805, -0.085890150158239781], [0.23227106128251837, -0.018812341089559051, 0.44262453963946502, 0.65866690878440715, 0.53958838001747822, 0.130920133878072, 0.033226533311179668, 0.25174462950103027, 0.0088955556477042664, 0.13809719159643238, -0.41136517831909364, 1.0, 0.32907950661495255, 0.13401958566838573, 0.39174303919001485, 0.3762240982370737, 0.6702322422446263, 0.59235585357296017, 0.01322791657346839, 0.0074645885202880022, 0.084971554073721256, 0.28896858326599661, 0.28896858326599661, 0.14065376071088542, 0.39358130819549447, 0.37686510595741335, 0.59851864714714975, -0.013891089102162715, 0.53443962964579794, 0.13570627640553298, 0.08907458786183324, 0.056913288793866604, 0.45068545431385842, -0.26799806037080459, 0.052981430223643003, 0.74350151169776102, 0.3165803890301534, 0.27992728472283007, -0.0001626018072154019, -0.014618900560806655, -0.070701213510465932, 0.60326496289107945, 0.14387838569007899, 0.022700782102095425], [0.22980640355568874, 0.28048073765570952, 0.48162638618255271, 0.37590818429173767, 0.25792740232605349, 0.1613962300361701, 0.21084679298639838, 0.29208010508348375, 0.27416935450429908, 0.35395886707239271, -0.0098357470032254587, 0.32907950661495255, 1.0, 0.40979715726711213, 0.45206798089751749, 0.25897278779296484, 0.27619662529879246, 0.21883747222330516, 0.29755919421912019, 0.15754996299037752, 0.23628412408598168, 0.144675860774932, 0.144675860774932, 0.1325737860996509, 0.26245118735899825, 0.23713356270395178, 0.24204491918991733, 0.076661153448786032, 0.24124376428610225, 0.083637676106765646, 0.17385082454396802, 0.1839854849527025, 0.28857582626784573, 0.11732116512260532, 0.21375073096565436, 0.24249452578414735, 0.29305419533969551, 0.3779456906982534, -0.012539558774103546, 0.15895411013432745, 0.19950000313432312, 0.22939310342832261, -0.058298311401358598, 0.1384637862719541], [0.25519720667089302, 0.43309818665535132, -0.071367360055498305, 0.14458696981063499, 0.0040446059474012327, 0.20240312297325469, 0.38525644843116091, 0.13107110195315019, 0.19407960566762644, 0.32301971798950951, 0.079335179337964024, 0.13401958566838573, 0.40979715726711213, 1.0, 0.17719173555779999, 0.13976338373641942, -0.084273628088408006, -0.12855562579013907, 0.13805653416183528, 0.11891106608795904, 0.090810288010449533, -0.024641063961982165, -0.024641063961982165, -0.10432108037947455, -0.0012463403569983025, 0.027416031341898798, 0.0059414521381642837, 0.32673756183870473, 0.06581013973169092, -0.11536926892043585, 0.057623317883535793, 0.17449101127777569, 0.33019358706987967, 0.18138769802821833, 0.051637233116317752, -0.08278351261271516, -0.058284631402908668, 0.64857734344945683, -0.28260272242679474, 0.17715266946426692, 0.032520325994849893, 0.00068185785868201342, -0.34041571032442625, 0.080345259792907214], [0.52944051671467218, 0.38749859723936708, 0.61859703532916421, 0.62551154004414022, 0.65379618199728173, 0.39216698462574345, 0, 0.33381112210648739, 0.26448414115342633, 0.21383059639147622, 0.24077856332373221, 0.39174303919001485, 0.45206798089751749, 0.17719173555779999, 1.0, 0.56028878165563167, 0.56324642451900897, 0.56243344680108232, 0.32174715395453812, 0.22399531166224018, 0.25687352710133543, 0.50966969662963379, 0.50966969662963379, 0.52895173256524397, 0.80258107956458313, 0.74156286237983027, 0.66017531390665718, 0.34355789972443546, 0.60110225813289442, 0.24240950635294706, 0.39929425553934583, 0, 0.19628923053903416, 0.26049950747515555, 0.39154364880994885, 0.61376077008441499, 0.6002394044813526, 0.20488285390092145, 0.15070761480816469, 0.04989339019189766, 0.40091522338183772, 0.58647364680357617, -0.11533061509495131, 0.39793264255165278], [0.52745647312900967, 0.19370962602214203, 0.34441599249140487, 0.75253956585829118, 0.67030022272474599, 0.44075971866786484, 0.084384331937091842, 0.18847121503625872, 0.064565796282039969, 0.096984128929860622, -0.11833322294563445, 0.3762240982370737, 0.25897278779296484, 0.13976338373641942, 0.56028878165563167, 1.0, 0.35525954151341149, 0.34933270957597495, 0.2933020491447822, 0.29381140232824171, 0.33041200285782329, 0.36098980416367815, 0.36098980416367815, 0.28828019964801938, 0.46201442998981995, 0.47766577450472464, 0.54340278778763529, 0.39742883212051949, 0.72443494781843465, 0.080315069587614016, 0.19576676175836122, 0.047120356953621649, 0.42293432597311437, -0.058291683608622781, 0.39083752420308498, 0.39271073928248901, 0.25736871805772044, 0.26797208579277149, -0.05068815788383535, 0.12621102855963143, -0.075024696724130771, 0.43714400875569065, -0.30553653392070024, 0.11800084857212502], [0.18186128972506682, -0.11907783196126755, 0.89565501270135994, 0.68446883046558138, 0.62340698402617911, 0.072286304341237645, 0.019841448245890094, 0.40349538214342401, 0.13722614683000983, -0.0071027098640089022, -0.48146044308592856, 0.6702322422446263, 0.27619662529879246, -0.084273628088408006, 0.56324642451900897, 0.35525954151341149, 1.0, 0.99578656008076016, 0.028224291617809451, -0.060889895268237133, 0.11816565716042274, 0.38743547891293717, 0.38743547891293717, 0.31756031523473383, 0.37577271484392233, 0.28400730332618879, 0.73727183720991774, -0.11248211463583653, 0.62685507131327567, 0.17835018249044252, 0.11760194361421356, 0.077994575072307393, 0.41430005380469781, -0.29302399358835218, 0.188104001261896, 0.93194331755934723, 0.53147953639201451, 0.1492534974834073, 0.0053175506881816331, 0.16022323148793571, -0.21926094617939049, 0.53747611865258926, 0.29037142444061276, 0.079047326287715783], [0.19254609956726831, 0.041569119086359616, 0.90795849868905643, 0.63410172725619196, 0.66523254454017389, 0.04946252223674464, -0.10290516206482593, 0.40916232405948655, 0.12369384637917687, -0.024825132497142823, -0.31303591324027585, 0.59235585357296017, 0.21883747222330516, -0.12855562579013907, 0.56243344680108232, 0.34933270957597495, 0.99578656008076016, 1.0, 0.041473708832527302, -0.052620293863581802, 0.094082717612322481, 0.30181546220625438, 0.30181546220625438, 0.37143724775272946, 0.3920226631840214, 0.30504385793926159, 0.79147271711304312, -0.072725453013063629, 0.560483931750549, 0.19912940708169785, 0.13435712981334472, 0.10741896758703481, 0.30077215962990395, -0.13924548113702842, 0.31933527812884127, 0.90762953737311969, 0.63997299787224882, 0.081300042140750095, 0.1529785439779715, 0.16284888862443034, -0.079301309685269272, 0.54437643756578691, 0.24047724399494311, 0.16663554719319448], [0.27469860818836245, 0.32506999796271224, 0.41589047244978117, 0.22033896200337272, 0.041306997402621122, 0.35816781121373675, 0.11436510141706027, 0.15223074392756358, 0.25770754241386046, 0.22241863919994087, 0.33255026962512102, 0.01322791657346839, 0.29755919421912019, 0.13805653416183528, 0.32174715395453812, 0.2933020491447822, 0.028224291617809451, 0.041473708832527302, 1.0000000000000002, 0.49339241736015449, 0.62390094982221667, 0.31838492275816532, 0.31838492275816532, 0.32092931639066086, 0.13303783773913916, 0.08655890663586939, 0.069658141116644687, 0.35561874115786846, 0.14895169057868141, 0.23259155625348188, 0.3946298536578331, 0.122645179216449, 0.13808743443786603, 0.3331646535822067, 0.3356719932134139, -0.014098752566892454, 0.21556758296538958, 0.17761842677096915, 0.12464865800428734, -0.039764972712964183, 0.36763488918416548, -0.0019017013059931438, -0.39078846385012994, 0.20490247160868214], [0.35227209642688917, 0.15887346777815509, 0.098346272737474622, 0.14423679932882388, 0.1063993001816836, 0.53178290432872088, 0.10087913673513559, 0.17718449711723253, 0.20963164638052531, 0.11803537792198703, 0.2118946554650521, 0.0074645885202880022, 0.15754996299037752, 0.11891106608795904, 0.22399531166224018, 0.29381140232824171, -0.060889895268237133, -0.052620293863581802, 0.49339241736015449, 0.99999999999999989, 0.72121452476717851, 0.36342278470217299, 0.36342278470217299, 0.38455976381325147, 0.22644800148038491, 0.24921964369827065, 0.083073565036000274, 0.46970028991895835, 0.17254727138146828, 0.22391531460131203, 0.19749033550696402, 0.0034474939965164334, 0.15159498856066214, 0.22185340497272849, 0.33240055673577029, 0.013531212513079659, 0.058085704856586449, 0.13179190261435694, 0.032653501498338094, 0.00041573344033086411, 0.14359760149962172, 0.15162211493170041, -0.41091116781390935, -0.027341305974429079], [0.32539916911433941, 0.099424256724870222, 0.20155884963426204, 0.25049066737393494, 0.20087816323110441, 0.39957657021877208, 0.082063270841762945, 0.21784167441438579, 0.2143674710338396, 0.15665118131713504, 0.15914915725350803, 0.084971554073721256, 0.23628412408598168, 0.090810288010449533, 0.25687352710133543, 0.33041200285782329, 0.11816565716042274, 0.094082717612322481, 0.62390094982221667, 0.72121452476717851, 1.0, 0.42187859081876078, 0.42187859081876078, 0.48661495638239827, 0.16299859754968113, 0.15353426300794723, 0.11039665528829616, 0.35412522496921478, 0.26473604826546004, 0.19294595425399724, 0.26113365843427194, -0.042582685189347956, 0.136222557399028, 0.22534568752280928, 0.33008701824491293, 0.11495105446138261, 0.10179303895294214, 0.14022730882335135, 0.065879612592057005, 0.025551086500036801, 0.11050755289625104, 0.14658057915023862, -0.30200430032170511, 0.050934706088643165], [0.27856180904218458, 0.0047114914583124279, 0.49655175931688106, 0.35358301290504679, 0.31826595123309392, 0.3041362899417504, 0.19788247988131097, 0.18008736706684259, 0.06551534560387659, 0.088784193516539323, -0.073935431840160437, 0.28896858326599661, 0.144675860774932, -0.024641063961982165, 0.50966969662963379, 0.36098980416367815, 0.38743547891293717, 0.30181546220625438, 0.31838492275816532, 0.36342278470217299, 0.42187859081876078, 1.0, 1.0, 0.94116294002654066, 0.35695898362431872, 0.34049674816677716, 0.38484394529535842, 0.10851111575868506, 0.38555847095745227, 0.21021258652088218, 0.23933269645476429, 0.067819089151643211, 0.2176966912710446, 0.035257328083363161, 0.27999792080880537, 0.39472911038869124, 0.18748074505199877, 0.10126873680466399, 0.036433335355474591, 0.04282954657645538, 0.009195984741159971, 0.40621797723565428, 0.0066506783337734951, 0.05433582770404892], [0.27856180904218458, 0.0047114914583124279, 0.49655175931688106, 0.35358301290504679, 0.31826595123309392, 0.3041362899417504, 0.19788247988131097, 0.18008736706684259, 0.06551534560387659, 0.088784193516539323, -0.073935431840160437, 0.28896858326599661, 0.144675860774932, -0.024641063961982165, 0.50966969662963379, 0.36098980416367815, 0.38743547891293717, 0.30181546220625438, 0.31838492275816532, 0.36342278470217299, 0.42187859081876078, 1.0, 1.0, 0.94116294002654066, 0.35695898362431872, 0.34049674816677716, 0.38484394529535842, 0.10851111575868506, 0.38555847095745227, 0.21021258652088218, 0.23933269645476429, 0.067819089151643211, 0.2176966912710446, 0.035257328083363161, 0.27999792080880537, 0.39472911038869124, 0.18748074505199877, 0.10126873680466399, 0.036433335355474591, 0.04282954657645538, 0.009195984741159971, 0.40621797723565428, 0.0066506783337734951, 0.05433582770404892], [0.27371512651106433, 0.099330774389634849, 0.59376562165250302, 0.29174965261695229, 0.20728022849888925, 0.27531513534338836, 0.21795918367346939, 0.21220589190804776, 0.037339130100225076, 0.10468800388122315, 0.14637119904110957, 0.14065376071088542, 0.1325737860996509, -0.10432108037947455, 0.52895173256524397, 0.28828019964801938, 0.31756031523473383, 0.37143724775272946, 0.32092931639066086, 0.38455976381325147, 0.48661495638239827, 0.94116294002654066, 0.94116294002654066, 1.0, 0.30668416952771127, 0.32207322350768874, 0.31072963849860075, 0.13977817802635323, 0.30379562043795622, 0.1808176253192734, 0.30165665444271628, 0.014069627851140456, 0.065659963647903982, 0.11627361057131755, 0.29494418671136929, 0.29406943394072571, 0.26975870778099625, 0.00078199173089684045, 0.16767511879111313, 0.035310569198498877, 0.19799945777029437, 0.40255041689506943, -0.064569882672072462, 0.11742069890555214], [0.42954155060009802, 0.085954532445431858, 0.58296691525285405, 0.52926145025937021, 0.40482733563130324, 0.39255976573323897, 0.022841954408080019, 0.33950831616215665, 0.13490901617029563, 0.076286168909071236, -0.15199639989133393, 0.39358130819549447, 0.26245118735899825, -0.0012463403569983025, 0.80258107956458313, 0.46201442998981995, 0.37577271484392233, 0.3920226631840214, 0.13303783773913916, 0.22644800148038491, 0.16299859754968113, 0.35695898362431872, 0.35695898362431872, 0.30668416952771127, 1.0, 0.9351014810185404, 0.45202929332605335, 0.20125156894003574, 0.50313350058967377, 0.15909908520979096, 0.089441556302789563, 0.068480792389604861, 0.34418359623936323, -0.008860424690012296, 0.45621873091367454, 0.45259898106420554, 0.3365651976801432, 0.14088572780853531, 0.092330015581381167, 0.049032972264618259, 0.0029971834905675693, 0.51356055950719837, -0.10178848697172446, 0.05460736532890504], [0.43090874303037346, 0.098515667406046226, 0.46145213780720457, 0.48398697031079757, 0.40548060147358134, 0.41100092313832925, 0.041531204025786063, 0.3247714620735192, 0.12293949976472032, 0.11243372316906659, -0.12998061908554703, 0.37686510595741335, 0.23713356270395178, 0.027416031341898798, 0.74156286237983027, 0.47766577450472464, 0.28400730332618879, 0.30504385793926159, 0.08655890663586939, 0.24921964369827065, 0.15353426300794723, 0.34049674816677716, 0.34049674816677716, 0.32207322350768874, 0.9351014810185404, 1.0, 0.41242974533582094, 0.26150553592051151, 0.48382254948877573, 0.17651995988057198, 0.08807169906339711, 0.049901264393920571, 0.35026658023640928, 0.020553380031992165, 0.45084298207997092, 0.40567513253912657, 0.28818108220999111, 0.16364549661753519, 0.063212033967885745, 0.022526648939064392, 0.0034276712906595968, 0.65975222992438198, -0.17137080108026223, 0.044217177679345646], [0.24179460455613558, -0.039463249579397945, 0.9337539914916192, 0.70540453407548243, 0.60195649270209028, 0.18918865876527921, -0.018638840292310405, 0.33612619383781833, 0.054074665695499402, 0.064805312725882233, -0.3277902588131138, 0.59851864714714975, 0.24204491918991733, 0.0059414521381642837, 0.66017531390665718, 0.54340278778763529, 0.73727183720991774, 0.79147271711304312, 0.069658141116644687, 0.083073565036000274, 0.11039665528829616, 0.38484394529535842, 0.38484394529535842, 0.31072963849860075, 0.45202929332605335, 0.41242974533582094, 1.0, 0.04178119811276388, 0.58111608698266426, 0.21666167585987742, 0.049808396417613351, 0.040915059618253966, 0.43093133276722634, -0.24599990173760669, 0.24931945473210923, 0.78844003774689431, 0.39834825994436335, 0.11947633550132911, 0.05705471033309175, -0.045623978632596096, -0.11924213996151051, 0.62139749340948292, 0.090849210488829671, -0.0048758494618367223], [0.6573381410332868, 0.31666504226827419, 0.11601085481682497, 0.2487920154248032, 0.1137142325243375, 0.66092663343806402, 0.23132095135296088, 0.21181357983933091, 0.13383358063242462, 0.13811000257145026, 0.15941165880545474, -0.013891089102162715, 0.076661153448786032, 0.32673756183870473, 0.34355789972443546, 0.39742883212051949, -0.11248211463583653, -0.072725453013063629, 0.35561874115786846, 0.46970028991895835, 0.35412522496921478, 0.10851111575868506, 0.10851111575868506, 0.13977817802635323, 0.20125156894003574, 0.26150553592051151, 0.04178119811276388, 1.0, 0.20407729189387555, -3.2228323750356483e-05, 0.079456838825958179, 0.14276510216994828, 0.26230856643450262, 0.23764665517233938, 0.35232362610944346, -0.11046355331971695, -0.068235686218419037, 0.34968096393650572, -0.18282310184666348, 0.092477665820324281, -0.081201452436105881, 0.073426344989698134, -0.74508681151756551, 0.021753096182852021], [0.41665089987939075, 0.044267518346120624, 0.60816049622019774, 0.81437062658647008, 0.54318480640185984, 0.3091462014575343, 0.067263325704848276, 0.27289173999992411, 0.0935800194353648, 0.044498387717807564, -0.34224705522845966, 0.53443962964579794, 0.24124376428610225, 0.06581013973169092, 0.60110225813289442, 0.72443494781843465, 0.62685507131327567, 0.560483931750549, 0.14895169057868141, 0.17254727138146828, 0.26473604826546004, 0.38555847095745227, 0.38555847095745227, 0.30379562043795622, 0.50313350058967377, 0.48382254948877573, 0.58111608698266426, 0.20407729189387555, 1.0, 0.11318093564548969, 0.19848661129645534, 0.065312164941521977, 0.43336642380242391, -0.22024964248490791, 0.36246280197003367, 0.64884918764747601, 0.34373251673245758, 0.25965128758969042, -0.099955827155054147, 0.097491605487898203, -0.1167850657507734, 0.53784472273557482, -0.058845706072429602, 0.089583469501041624], [-0.0085754526408427928, -0.084593501597323748, 0.56609298007569808, 0.082807180409437922, 0.16713093224895398, 0.080984812228167155, -0.025400980163697816, 0.066575819091571078, 0.026256673018917934, 0.097140746005317011, -0.10626520663833348, 0.13570627640553298, 0.083637676106765646, -0.11536926892043585, 0.24240950635294706, 0.080315069587614016, 0.17835018249044252, 0.19912940708169785, 0.23259155625348188, 0.22391531460131203, 0.19294595425399724, 0.21021258652088218, 0.21021258652088218, 0.1808176253192734, 0.15909908520979096, 0.17651995988057198, 0.21666167585987742, -3.2228323750356483e-05, 0.11318093564548969, 1.0, 0.12616967804811566, 0.053820127497150372, 0.039572324023429306, 0.06605116248671998, 0.25573687835432019, 0.23110718758048954, 0.0986412298474727, 0.0019872023371084614, -0.00081073413136242877, -0.12471681409397638, -0.037350751650938215, 0.26031045229246802, 0.025104111603861518, -0.026273488793298619], [0.20580950675013107, 0.22786032046775964, 0.4511074157578478, 0.21362480360302272, 0.097055954418262397, 0.088764551950904144, 0.024291047797914616, 0.024847748361582711, 0.0077939779215698305, 0.055492227301680089, -0.12085111253564688, 0.08907458786183324, 0.17385082454396802, 0.057623317883535793, 0.39929425553934583, 0.19576676175836122, 0.11760194361421356, 0.13435712981334472, 0.3946298536578331, 0.19749033550696402, 0.26113365843427194, 0.23933269645476429, 0.23933269645476429, 0.30165665444271628, 0.089441556302789563, 0.08807169906339711, 0.049808396417613351, 0.079456838825958179, 0.19848661129645534, 0.12616967804811566, 1.0, 0.075051706990384728, 0.072953877712214163, 0.067669728769774742, 0.25692929450443774, 0.091333947379440075, 0.21262482634720914, 0.16812416258692764, -0.12518139735441872, 0.17656623449482592, 0.082717865490308864, 0.083555749722853498, 0.017338351345006733, 0.43962584219878903], [0.18757954933044413, 0.1713876764020488, 0, 0.06293077614623914, 0.080427897609952836, 0.16578657865786581, 0.50470175096327374, -0.42857142857142855, 0.29999999999999999, 0.36005444551023247, -0.046807242300584737, 0.056913288793866604, 0.1839854849527025, 0.17449101127777569, 0, 0.047120356953621649, 0.077994575072307393, 0.10741896758703481, 0.122645179216449, 0.0034474939965164334, -0.042582685189347956, 0.067819089151643211, 0.067819089151643211, 0.014069627851140456, 0.068480792389604861, 0.049901264393920571, 0.040915059618253966, 0.14276510216994828, 0.065312164941521977, 0.053820127497150372, 0.075051706990384728, 1.0, 0.24706492352135107, 0.20754781940089112, 0, 0.034075952751268561, 0.075212660839154524, 0.31626567908586739, -0.11839062395566322, 0.12025521107118922, -0.060946997819650607, -0.0056105366101218837, -0.085145531693155183, 0.085557669067399353], [0.33003975846751576, 0.23518547718622654, 0.028738739657828423, 0.53963795953008442, 0.40118115760678519, 0.28088197923342173, 0.33163036499198234, 0.13261170388373381, 0.2036936207651909, 0.24183906649249476, -0.19827742424220507, 0.45068545431385842, 0.28857582626784573, 0.33019358706987967, 0.19628923053903416, 0.42293432597311437, 0.41430005380469781, 0.30077215962990395, 0.13808743443786603, 0.15159498856066214, 0.136222557399028, 0.2176966912710446, 0.2176966912710446, 0.065659963647903982, 0.34418359623936323, 0.35026658023640928, 0.43093133276722634, 0.26230856643450262, 0.43336642380242391, 0.039572324023429306, 0.072953877712214163, 0.24706492352135107, 1.0, -0.087714797841961942, 0.16635868647096277, 0.44030517698558164, 0.14161021268552179, 0.45703589582909993, -0.21242956814331859, 0.045901052795020575, -0.11427727572351026, 0.41364862694948867, -0.17885322471641754, 0.017978188004415054], [0.16704963964883215, 0.28754132339240357, 0.081105069321880011, -0.20476303026638598, -0.30733522644048156, 0.20962925359795606, 0.25786613723673146, 0.30309972943538133, 0.7219173902188688, 0.28749420542509002, 0.4578434606037301, -0.26799806037080459, 0.11732116512260532, 0.18138769802821833, 0.26049950747515555, -0.058291683608622781, -0.29302399358835218, -0.13924548113702842, 0.3331646535822067, 0.22185340497272849, 0.22534568752280928, 0.035257328083363161, 0.035257328083363161, 0.11627361057131755, -0.008860424690012296, 0.020553380031992165, -0.24599990173760669, 0.23764665517233938, -0.22024964248490791, 0.06605116248671998, 0.067669728769774742, 0.20754781940089112, -0.087714797841961942, 1.0, 0.31174509115953897, -0.45108694826147555, -0.015072886253064475, 0.12638370440199032, 0.0842147420065264, 0.093487581751002746, 0.27044804793120381, -0.20149606789717103, -0.3738585951128866, 0.10224928299259967], [0.38468207867139681, 0.23318701025301156, 0.42729109068464921, 0.31463724611126276, 0.27815367821917275, 0.36715241770951101, 0, 0.2307304458565618, 0.22059230959156889, 0.21775941158889192, 0.30103205852923215, 0.052981430223643003, 0.21375073096565436, 0.051637233116317752, 0.39154364880994885, 0.39083752420308498, 0.188104001261896, 0.31933527812884127, 0.3356719932134139, 0.33240055673577029, 0.33008701824491293, 0.27999792080880537, 0.27999792080880537, 0.29494418671136929, 0.45621873091367454, 0.45084298207997092, 0.24931945473210923, 0.35232362610944346, 0.36246280197003367, 0.25573687835432019, 0.25692929450443774, 0, 0.16635868647096277, 0.31174509115953897, 1.0, 0.23773316180005979, 0.23773316180005979, 0.1071578755863969, 0.089379751276753336, 0.058889452003170771, 0.11779293854690526, 0.39241147193741638, -0.46899432120904971, 0.037807492885267635], [0.17292949297839755, -0.18918007088045311, 0.98475836810479389, 0.82008434631123261, 0.66998900093692149, 0.083464730151724884, -0.070659758915136178, 0.3205313178283683, -0.0031469785940550863, 0.006540609784406049, -0.55444685808283878, 0.74350151169776102, 0.24249452578414735, -0.08278351261271516, 0.61376077008441499, 0.39271073928248901, 0.93194331755934723, 0.90762953737311969, -0.014098752566892454, 0.013531212513079659, 0.11495105446138261, 0.39472911038869124, 0.39472911038869124, 0.29406943394072571, 0.45259898106420554, 0.40567513253912657, 0.78844003774689431, -0.11046355331971695, 0.64884918764747601, 0.23110718758048954, 0.091333947379440075, 0.034075952751268561, 0.44030517698558164, -0.45108694826147555, 0.23773316180005979, 1.0, 0.45746597581840015, 0.11586807768953881, 0.015750184605126529, -0.10815686119400698, -0.15696785243817279, 0.72087652068918462, 0.28142371103013891, -0.0064435070102184791], [0.20462584699140871, 0.13788488111225131, 0.98475836810479389, 0.37702320446066334, 0.31992040748129169, 0.090905104845203949, 0.0075842559625420676, 0.3794248973867273, 0.080401652186298259, 0.065032159025017452, 0.0029812892076929469, 0.3165803890301534, 0.29305419533969551, -0.058284631402908668, 0.6002394044813526, 0.25736871805772044, 0.53147953639201451, 0.63997299787224882, 0.21556758296538958, 0.058085704856586449, 0.10179303895294214, 0.18748074505199877, 0.18748074505199877, 0.26975870778099625, 0.3365651976801432, 0.28818108220999111, 0.39834825994436335, -0.068235686218419037, 0.34373251673245758, 0.0986412298474727, 0.21262482634720914, 0.075212660839154524, 0.14161021268552179, -0.015072886253064475, 0.23773316180005979, 0.45746597581840015, 1.0, 0.048684923736199384, 0.20666125986192588, 0.15800508010381828, 0.19861218976547268, 0.32403784719258677, 0.12010629699578471, 0.23345646710207685], [0.40369505034288111, 0.37646362595515354, 0.0286826292325114, 0.33071725212344982, 0.18266760748705826, 0.29253488813412515, 0.43086388506346074, 0.15025348831031826, 0.15829094993500512, 0.32126458879336472, -0.08785645524074899, 0.27992728472283007, 0.3779456906982534, 0.64857734344945683, 0.20488285390092145, 0.26797208579277149, 0.1492534974834073, 0.081300042140750095, 0.17761842677096915, 0.13179190261435694, 0.14022730882335135, 0.10126873680466399, 0.10126873680466399, 0.00078199173089684045, 0.14088572780853531, 0.16364549661753519, 0.11947633550132911, 0.34968096393650572, 0.25965128758969042, 0.0019872023371084614, 0.16812416258692764, 0.31626567908586739, 0.45703589582909993, 0.12638370440199032, 0.1071578755863969, 0.11586807768953881, 0.048684923736199384, 1.0, -0.41112119612064452, 0.18488868424606508, -0.016076724441697842, 0.17402111821767827, -0.29790616183155799, 0.17425148744424426], [-0.098007028022212103, -0.092156850747323396, 0.3031391232490997, -0.11751846471457619, -0.018060693032592622, 0.0024190197252846454, -0.14761398964198555, 0.10169730430893793, 0.041557966245927683, -0.018193324793256586, 0.17557471182017309, -0.0001626018072154019, -0.012539558774103546, -0.28260272242679474, 0.15070761480816469, -0.05068815788383535, 0.0053175506881816331, 0.1529785439779715, 0.12464865800428734, 0.032653501498338094, 0.065879612592057005, 0.036433335355474591, 0.036433335355474591, 0.16767511879111313, 0.092330015581381167, 0.063212033967885745, 0.05705471033309175, -0.18282310184666348, -0.099955827155054147, -0.00081073413136242877, -0.12518139735441872, -0.11839062395566322, -0.21242956814331859, 0.0842147420065264, 0.089379751276753336, 0.015750184605126529, 0.20666125986192588, -0.41112119612064452, 1.0, 0.031109331132400799, 0.18820963118140593, -0.0083567322608161868, 0.12939009893316458, -0.12926681435076789], [0.16352654443009593, 0.23492816152460044, 0.079860438069393289, 0.26834357478427889, -0.0092779339313621822, 0.10992449578679996, 0.090873241675563293, 0.11037746230879278, 0.024246428886937742, 0.12235288667012473, 0.092479956134191924, -0.014618900560806655, 0.15895411013432745, 0.17715266946426692, 0.04989339019189766, 0.12621102855963143, 0.16022323148793571, 0.16284888862443034, -0.039764972712964183, 0.00041573344033086411, 0.025551086500036801, 0.04282954657645538, 0.04282954657645538, 0.035310569198498877, 0.049032972264618259, 0.022526648939064392, -0.045623978632596096, 0.092477665820324281, 0.097491605487898203, -0.12471681409397638, 0.17656623449482592, 0.12025521107118922, 0.045901052795020575, 0.093487581751002746, 0.058889452003170771, -0.10815686119400698, 0.15800508010381828, 0.18488868424606508, 0.031109331132400799, 1.0, -0.011274859599800924, -0.10142978175949327, -0.076894200255119796, 0.21129133793580424], [0.032392838214060436, 0.20071410754733215, 0.26434131461625571, -0.18380159486969339, -0.1265657511067777, 0.041662344088671595, 0.043547737368153892, 0.27403609083820935, 0.20933222033718016, 0.16570638566566268, 0.38842814824579758, -0.070701213510465932, 0.19950000313432312, 0.032520325994849893, 0.40091522338183772, -0.075024696724130771, -0.21926094617939049, -0.079301309685269272, 0.36763488918416548, 0.14359760149962172, 0.11050755289625104, 0.009195984741159971, 0.009195984741159971, 0.19799945777029437, 0.0029971834905675693, 0.0034276712906595968, -0.11924213996151051, -0.081201452436105881, -0.1167850657507734, -0.037350751650938215, 0.082717865490308864, -0.060946997819650607, -0.11427727572351026, 0.27044804793120381, 0.11779293854690526, -0.15696785243817279, 0.19861218976547268, -0.016076724441697842, 0.18820963118140593, -0.011274859599800924, 1.0, -0.095957976924631108, -0.023917505617318934, 0.10316737499629834], [0.23799356928263873, -0.047293367338328, 0.62509054182267065, 0.63748808023289916, 0.58099712944224002, 0.20896570712981355, -0.0075336410349304992, 0.2761920817440861, 0.025778000537267046, 0.11353858809834831, -0.3640994631627828, 0.60326496289107945, 0.22939310342832261, 0.00068185785868201342, 0.58647364680357617, 0.43714400875569065, 0.53747611865258926, 0.54437643756578691, -0.0019017013059931438, 0.15162211493170041, 0.14658057915023862, 0.40621797723565428, 0.40621797723565428, 0.40255041689506943, 0.51356055950719837, 0.65975222992438198, 0.62139749340948292, 0.073426344989698134, 0.53784472273557482, 0.26031045229246802, 0.083555749722853498, -0.0056105366101218837, 0.41364862694948867, -0.20149606789717103, 0.39241147193741638, 0.72087652068918462, 0.32403784719258677, 0.17402111821767827, -0.0083567322608161868, -0.10142978175949327, -0.095957976924631108, 1.0, 0.037671064485954822, 0.0059076204074330714], [-0.48781983568617943, -0.37565134562014646, 0.15605329470215568, -0.047186264533416233, 0.013697232326975525, -0.54238302067802358, -0.22449696653887669, -0.19264257768771606, -0.24045584764693265, -0.18174851606095105, -0.37299752328739805, 0.14387838569007899, -0.058298311401358598, -0.34041571032442625, -0.11533061509495131, -0.30553653392070024, 0.29037142444061276, 0.24047724399494311, -0.39078846385012994, -0.41091116781390935, -0.30200430032170511, 0.0066506783337734951, 0.0066506783337734951, -0.064569882672072462, -0.10178848697172446, -0.17137080108026223, 0.090849210488829671, -0.74508681151756551, -0.058845706072429602, 0.025104111603861518, 0.017338351345006733, -0.085145531693155183, -0.17885322471641754, -0.3738585951128866, -0.46899432120904971, 0.28142371103013891, 0.12010629699578471, -0.29790616183155799, 0.12939009893316458, -0.076894200255119796, -0.0239