['ComsxFac', 'ExAggFan', 'ExAggbeh', 'Exhibit', 'Fetish', 'HypSxRat', 'Inhadhd', 'JuvDelFc', 'JuvDrgFc', 'JuvaslFc', 'Masadeq', 'PAAgFan', 'PAFght', 'PAcnang', 'PCD', 'ParaRat', 'Pnchldad', 'Pnchldjv', 'Pnearex', 'Pnheter', 'Pnhomo', 'Pnvio', 'Pnvioad', 'Pnviojv', 'Sadbehr', 'Sadtot', 'Scatol', 'SxPrFAC', 'Voyeur', 'age', 'anxwom', 'attadhd', 'conchr', 'dralcadu', 'erecdys', 'genderversion', 'hoswom', 'impul', 'lkemp', 'lkprtkg', 'negmas', 'sadfanr', 'sxdeny', 'sxperanx']
[[69.93999747234847, 30.441411302359228, 6.073406246872706, 25.689629959006787, 17.09693512037261, 51.91140744004739, 19.93456832926555, 6.924165037938025, 14.057476970332171, 18.30505172768854, 10.747925890559308, 14.842478004219789, 21.94758360884356, 20.733320958051767, 18.380615063330275, 40.32641387858697, 8.982101818109681, 6.469234100681764, 18.058806457829146, 23.12708673079559, 17.964263780866812, 12.536156802746877, 12.536156802746877, 11.727325480643739, 32.40153278789916, 32.32494425701491, 12.745605600263499, 42.83495612036739, 32.08216704046223, 9.645676404418833, 22.076547061238966, 13.91265148348558, 17.079754560293136, 18.109342751206896, 20.420710737965365, 0, 18.377586821208308, 25.67221619776027, 13.21948177244788, 17.651285991058973, 9.241520389996598, 14.512207377824655, 30.192827599234885, 22.021021725336812], [30.441411302359228, 54.84346909190238, 11.806667284416037, 11.154931333234115, 13.07901327394056, 24.182899071514484, 18.923352989250546, 13.178930810605694, 14.384918485325674, 19.7755989042006, 17.470810699853935, 15.505883742611136, 27.163579768385034, 26.267155151271165, 13.834882593190958, 20.93304653051305, 10.350843480202599, 5.640695618130273, 14.51206416312385, 11.317383369662364, 13.50799663403592, 11.612364321744177, 11.612364321744177, 13.817306371061449, 14.914984223683357, 20.430846859393316, 8.241894812148995, 21.06011419193644, 21.84583714557172, 12.128737856538006, 18.200517089265706, 11.525564399471884, 15.52679158209234, 19.25375328707782, 12.932473413441826, 0, 14.648063734738919, 24.2217757696667, 15.849112539825542, 20.660093654330968, 14.043322479044932, 16.556593313211533, 21.426269352678993, 26.352138225346334], [6.073406246872706, 11.806667284416037, 15.988058095171544, 8.872752724233324, 15.160709412208314, 12.860598348719705, 0, 11.58288156148521, 8.545685740738667, 16.502326263325227, 8.273486829632294, 9.900661141781631, 15.160709412208314, 8.273486829632294, 15.160709412208314, 15.160709412208314, 11.58288156148521, 8.68100476698907, 8.116742007186584, 12.671733662783588, 12.41023024444844, 11.58288156148521, 11.58288156148521, 9.401801940142192, 10.440891945776437, 10.208669974234098, 10.144950663773145, 4.919444701840015, 13.29121681761572, 16.502326263325227, 6.887222582576021, 0, 5.0092939320048195, 11.806667284416037, 5.108050280236137, 0, 6.887222582576021, 4.095167048903409, 4.386473264624839, 2.9028735431180213, 8.449313392051865, 8.580481396853694, 7.621964709088636, 6.887222582576021], [25.689629959006787, 11.154931333234115, 8.872752724233324, 46.247348359229576, 26.28494780943185, 22.20805078584795, 6.854819010686695, 11.74910426487978, 12.41508501013569, 16.662302390582198, 10.90541635213229, 12.587314218689531, 18.125129229587778, 7.0961115307451355, 17.60809345325525, 40.65889153302895, 19.038678299217278, 12.742966899755311, 16.219061612594384, 12.420686127167027, 19.034550494483454, 6.664283311971009, 6.664283311971009, 9.965707607215492, 26.15594207934349, 29.55299445516873, 13.255367411362945, 14.825628177359508, 27.957275080378043, 14.118988892765959, 14.255200876212237, 3.6781448533484022, 12.57713881602687, 12.473899328301759, 14.940255719092658, 0, 11.378117467153004, 12.088801230847874, 7.186848641373091, 7.240264743948387, 8.408955771994064, 22.335539588132196, 14.713032058007462, 11.47622260559883], [17.09693512037261, 13.07901327394056, 15.160709412208314, 26.28494780943185, 46.567991267878575, 14.685276660357346, 9.51701761767671, 12.780435121706272, 10.962396000965313, 21.536733446472734, 4.203903181413562, 13.764184986424572, 21.64313824527919, 6.604404301212267, 17.65143840077279, 45.84600728590036, 18.272693991883013, 11.906109616810362, 8.18670777711619, 10.24858840690535, 18.6298581555519, 4.407102119412197, 4.407102119412197, 7.575112424306681, 17.650176034165852, 21.782049727667193, 16.09986847290366, 12.29285694184487, 20.766754806212813, 15.109687376145075, 6.974432998281194, 6.947623843041274, 10.803510277232185, 14.082940842406549, 7.153148167929648, 0, 14.801293091082876, 9.715001205974152, 8.752341401305692, 5.093399012493154, 4.7617566269903415, 15.945720852295938, 10.649457246760724, 10.097362953689034], [51.91140744004739, 24.182899071514484, 12.860598348719705, 22.20805078584795, 14.685276660357346, 54.34458245358144, 20.739772683153674, 6.859302366566215, 16.337107498509553, 14.73539819410921, 11.939013125842488, 12.908460483366952, 17.998114848892182, 16.645179788758963, 23.713558770139375, 30.41680341300425, 9.024920719407726, 7.567333412430259, 21.26959636562029, 29.80717057909386, 22.558823697599774, 13.407928425827796, 13.407928425827796, 13.095092938983168, 25.270362141331127, 23.53918638521003, 9.988977613052807, 34.70124214446293, 27.875086804338984, 10.541878504058827, 18.569798901134003, 16.86766820963887, 17.429603826648425, 18.643266224304703, 24.652018511426924, 0, 15.398621764663666, 17.283324181791134, 13.215471504930992, 17.604659631698606, 9.957469931932597, 15.562355626137776, 28.71919830503891, 19.82893823283739], [19.93456832926555, 18.923352989250546, 0, 6.854819010686695, 9.51701761767671, 20.739772683153674, 50.690096150365015, 6.2225396744416175, 9.594999963069725, 24.127836884851526, 12.027415551706733, 5.932418551426304, 24.772082803894953, 21.30995811265636, 0, 15.495695728816289, 2.1729984518580183, 3.8925940153428753, 9.596068425892442, 11.981367329496399, 10.590358640766889, 13.816207310219568, 13.816207310219568, 12.942192308156113, 9.256878850183218, 7.9346138992880615, 6.851760039377684, 19.198858244829644, 8.996229866317483, 8.918425417477266, 11.31282736378777, 27.387540875321836, 18.92565306472165, 11.182868123795354, 0, 0, 10.67343879119, 20.775640490963497, 15.724785493943324, 11.596698153856902, 8.025147840021358, 8.81018662740615, 13.866203021745562, 10.96063653551676], [6.924165037938025, 13.178930810605694, 11.58288156148521, 11.74910426487978, 12.780435121706272, 6.859302366566215, 6.2225396744416175, 29.102559483936457, 22.49384917845265, 22.693578647954418, 8.970072927495648, 12.961385491817634, 17.89303868544794, 2.9223571981803564, 10.751747551759188, 16.53315382524077, 20.548958297598848, 15.704647434171315, 11.67439605432069, 17.888008164925033, 20.95418301805827, 13.161169338443548, 13.161169338443548, 13.13517826334607, 18.44117082651338, 19.75399197973057, 12.964722627473707, 4.971361052397915, 14.979601167741954, 23.609284305407535, 10.74601249974034, 6.158402871356008, 8.610748227773025, 19.91104056869843, 3.338254831797588, 0, 12.132326936539323, 6.374712791535133, 7.435416047361971, 3.309733361837463, 11.413770446079651, 17.911026199780736, 6.89052023817723, 12.391834247519803], [14.057476970332171, 14.384918485325674, 8.545685740738667, 12.41508501013569, 10.962396000965313, 16.337107498509553, 9.594999963069725, 22.49384917845265, 43.82760119731319, 25.688355835607798, 18.238784572047788, 9.4422949475875, 23.22020953308264, 15.53402890763634, 11.004223309852147, 13.720341733576902, 19.7430241490777, 12.946867523567255, 14.148148975639046, 18.609523021865765, 21.961838865110195, 11.078368469219251, 11.078368469219251, 12.86629039854472, 14.095081722423522, 15.336570102094733, 10.549481458402092, 11.755417825370856, 10.053711918333645, 15.392079124816325, 13.662029670326712, 8.658591551500285, 14.49202056137953, 36.38536400351721, 10.076272788171941, 0, 11.074119058468593, 13.24891417725749, 11.339729553813033, 13.825873728079637, 16.724983879026404, 12.26022060884379, 14.28603555862029, 18.01519521866176], [18.30505172768854, 19.7755989042006, 16.502326263325227, 16.662302390582198, 21.536733446472734, 14.73539819410921, 24.127836884851526, 22.693578647954418, 25.688355835607798, 66.66712746521912, 7.995806899750065, 17.20892113942272, 33.45705559095223, 19.959123601137502, 17.962058538783634, 27.89521043161829, 21.16073113761552, 16.49315709594115, 14.590322800608536, 15.400428448163378, 20.360026982448197, 10.981566463115293, 10.981566463115293, 12.670550533785221, 19.776086332189543, 27.24687395939916, 11.141047464619273, 13.21588840469412, 14.356155548661599, 20.806590789006517, 9.725900994307555, 19.87356912984459, 14.678698521025543, 24.341214473955628, 10.377255437388389, 0, 13.526799934682328, 19.81446543922518, 14.008781577196936, 13.148856408698382, 14.034555283000154, 20.415530599304518, 14.288734903384173, 18.844519013408977], [10.747925890559308, 17.470810699853935, 8.273486829632294, 10.90541635213229, 4.203903181413562, 11.939013125842488, 12.027415551706733, 8.970072927495648, 18.238784572047788, 7.995806899750065, 47.59393526156838, 13.268762989109154, 11.512919060699257, 10.557330219334007, 15.34713526847934, 9.849400615242416, 7.953812310385041, 7.007786092119943, 19.243095157589174, 14.805696227562338, 14.905693406219532, 8.63282833671046, 8.63282833671046, 10.706085181727353, 7.746186663112539, 6.124181095297337, 5.440961833834285, 17.32516991123242, 9.992757286066798, 11.150328230563467, 20.698671534671266, 10.496874057249721, 15.086999982492092, 20.399627808627507, 19.72042979116942, 0, 8.680648270334016, 10.761908603844073, 12.475402183298517, 17.345173701909218, 22.99397395032587, 4.244378953990158, 20.484705463153656, 14.949214072937712], [14.842478004219789, 15.505883742611136, 9.900661141781631, 12.587314218689531, 13.764184986424572, 12.908460483366952, 5.932418551426304, 12.961385491817634, 9.4422949475875, 17.20892113942272, 13.268762989109154, 62.42418633372105, 22.962825882159063, 13.640168586806276, 14.246296803498243, 21.99014764673223, 16.749047916438332, 14.551151292232896, 12.433454222102924, 10.46731256460561, 13.966627342928229, 12.001516839543404, 12.001516839543404, 10.012833078009848, 16.37253427829107, 21.110941204870848, 6.882586351024049, 9.36017234065299, 20.163617593081653, 17.448764007389343, 9.195682150020527, 5.287554302948507, 15.375626498218368, 17.102256883515942, 10.786947542175167, 0, 12.442322530670648, 19.52564012964317, 12.396097169649757, 8.548178183418944, 7.3010106897721325, 17.760897413323363, 15.081284461256848, 11.128685068528444], [21.94758360884356, 27.163579768385034, 15.160709412208314, 18.125129229587778, 21.64313824527919, 17.998114848892182, 24.772082803894953, 17.89303868544794, 23.22020953308264, 33.45705559095223, 11.512919060699257, 22.962825882159063, 52.240917558882025, 25.712787238854972, 17.206010083610867, 26.691522007563993, 15.12499745486354, 11.06514874465871, 17.947776379523226, 21.923264170294072, 19.537870803178475, 14.38343026531254, 14.38343026531254, 11.370651158361031, 19.815343967610442, 22.16784217968553, 13.98979967546149, 17.57192310460515, 24.26694038537208, 18.70337005423233, 14.745593786508138, 19.529299589373963, 22.15584993492081, 29.41778589857708, 8.763739513442392, 0, 23.72660538535323, 24.80352650607707, 9.80806160365241, 17.625623454033658, 18.05738336749703, 16.229991201962083, 15.117366571300652, 14.749998546062667], [20.733320958051767, 26.267155151271165, 8.273486829632294, 7.0961115307451355, 6.604404301212267, 16.645179788758963, 21.30995811265636, 2.9223571981803564, 15.53402890763634, 19.959123601137502, 10.557330219334007, 13.640168586806276, 25.712787238854972, 51.231888270402735, 9.370850680087575, 12.40736566627445, 6.003027789330426, 5.802269980460587, 12.476828209694895, 11.442841458156948, 13.115234308933031, 8.816785358503417, 8.816785358503417, 7.0504016617955445, 8.921445237838185, 6.8929065449595, 4.225685740130833, 20.26070036090911, 11.793361487301517, 8.720282135706285, 12.49170387778882, 14.097445845871928, 19.73116658789647, 13.897467562829979, 18.615447625148455, 0, 7.758164021364207, 37.924960637897975, 20.799870349248444, 17.499168593705452, 12.68010856379143, 7.378658709736422, 21.571712682892112, 13.509368428032523], [18.380615063330275, 13.834882593190958, 15.160709412208314, 17.60809345325525, 17.65143840077279, 23.713558770139375, 0, 10.751747551759188, 11.004223309852147, 17.962058538783634, 15.34713526847934, 14.246296803498243, 17.206010083610867, 9.370850680087575, 29.893261660977227, 19.109010911803395, 10.458222091290628, 9.290438107567278, 12.16076194588064, 17.232402415014104, 14.771974978457894, 18.5611339356312, 18.5611339356312, 12.28675847155683, 20.581624183132476, 19.425441998327678, 13.335803341213904, 14.206299261711365, 18.75484207528134, 12.797422118209886, 14.26328477842414, 0, 10.844654642066132, 15.478355920666814, 12.127457410772205, 0, 9.401623130214329, 10.829109863482051, 8.697180340859074, 10.11215768344897, 12.299067159242567, 14.592237467071781, 19.506292203501513, 15.044185363392193], [40.32641387858697, 20.93304653051305, 15.160709412208314, 40.65889153302895, 45.84600728590036, 30.41680341300425, 15.495695728816289, 16.53315382524077, 13.720341733576902, 27.89521043161829, 9.849400615242416, 21.99014764673223, 26.691522007563993, 12.40736566627445, 19.109010911803395, 65.1171364536633, 20.788166347677603, 11.906109616810362, 13.434940327031459, 20.608596088069056, 24.852086252863828, 11.63997573679938, 11.63997573679938, 12.539091161060792, 29.884007427349488, 32.099891383341195, 24.532421133133834, 24.966586180002384, 52.91809537641673, 21.586344738460134, 14.361049968700028, 12.42499804902409, 20.79547118927713, 18.825146854318618, 14.375557763740318, 0, 22.828386148559545, 15.075770028186543, 12.199677284851923, 13.32269204600629, 5.2177821657092665, 21.109869550844344, 23.31087169108161, 12.702904716068682], [8.982101818109681, 10.350843480202599, 11.58288156148521, 19.038678299217278, 18.272693991883013, 9.024920719407726, 2.1729984518580183, 20.548958297598848, 19.7430241490777, 21.16073113761552, 7.953812310385041, 16.749047916438332, 15.12499745486354, 6.003027789330426, 10.458222091290628, 20.788166347677603, 44.738235034550165, 39.31866897678213, 14.475585140637824, 16.10908769943004, 27.092148198916853, 17.391396765010576, 17.391396765010576, 11.274159231726154, 18.304780770198455, 21.006194870361895, 16.576318890399317, 7.374107211786125, 15.193217660482173, 21.16073113761552, 9.075627710915661, 1.3080203087024986, 7.838363196719312, 15.087273900016037, 3.9365998394023602, 0, 12.236720636567021, 7.383062084726281, 7.574725122881946, 7.270262875665482, 10.473584313404611, 19.86995198272838, 7.2961266056939635, 8.349586035723627], [6.469234100681764, 5.640695618130273, 8.68100476698907, 12.742966899755311, 11.906109616810362, 7.567333412430259, 3.8925940153428753, 15.704647434171315, 12.946867523567255, 16.49315709594115, 7.007786092119943, 14.551151292232896, 11.06514874465871, 5.802269980460587, 9.290438107567278, 11.906109616810362, 39.31866897678213, 30.550853488754424, 10.092180645170371, 15.21463188637153, 19.965400695086657, 13.269132620081784, 13.269132620081784, 13.739492294362305, 11.108895458812992, 11.817664785680812, 10.128924383536468, 5.827371913170676, 10.884749943086472, 16.49315709594115, 12.91771611931882, 1.1297241312748538, 5.645229948874303, 9.898551802179979, 3.7322709442131883, 0, 9.806889883675417, 5.984802673170848, 8.019346150150177, 6.293383652900876, 10.853107722755574, 10.01457859881611, 5.73950843025806, 9.461327128173249], [18.058806457829146, 14.51206416312385, 8.116742007186584, 16.219061612594384, 8.18670777711619, 21.26959636562029, 9.596068425892442, 11.67439605432069, 14.148148975639046, 14.590322800608536, 19.243095157589174, 12.433454222102924, 17.947776379523226, 12.476828209694895, 12.16076194588064, 13.434940327031459, 14.475585140637824, 10.092180645170371, 37.16794960803089, 28.84025643376349, 30.65666189411234, 20.531883109577183, 20.531883109577183, 22.632118228108823, 10.997960310937666, 7.491518370624742, 7.247271317634699, 21.640217783309048, 12.218280086650397, 12.221958512449984, 21.417308416597606, 7.752580238363502, 12.268449641304162, 16.01285764174963, 18.223301691973173, 0, 12.627574042047343, 13.232629280039443, 12.035073976684243, 12.389289913324097, 16.085051652838402, 3.874900234081437, 19.85591642816217, 17.690850927508478], [23.12708673079559, 11.317383369662364, 12.671733662783588, 12.420686127167027, 10.24858840690535, 29.80717057909386, 11.981367329496399, 17.888008164925033, 18.609523021865765, 15.400428448163378, 14.805696227562338, 10.46731256460561, 21.923264170294072, 11.442841458156948, 17.232402415014104, 20.608596088069056, 16.10908769943004, 15.21463188637153, 28.84025643376349, 47.86937261932364, 34.310333582122006, 22.480920234169417, 22.480920234169417, 13.593592067794322, 21.192757814372825, 23.980211248224247, 12.168394278933356, 22.99719407603732, 18.378928921302105, 14.415772301042006, 12.392631989340824, 10.672272084452215, 12.36245592836766, 18.71852370662596, 16.13653389544086, 0, 11.954889378049485, 11.692604877294697, 11.955188714592467, 10.27350776125042, 15.47734049597076, 16.923967731348966, 21.3400266851317, 16.439616921923808], [17.964263780866812, 13.50799663403592, 12.41023024444844, 19.034550494483454, 18.6298581555519, 22.558823697599774, 10.590358640766889, 20.95418301805827, 21.961838865110195, 20.360026982448197, 14.905693406219532, 13.966627342928229, 19.537870803178475, 13.115234308933031, 14.771974978457894, 24.852086252863828, 27.092148198916853, 19.965400695086657, 30.65666189411234, 34.310333582122006, 37.17747504600259, 23.28981561452426, 23.28981561452426, 16.029242734332303, 25.567779141466783, 28.909664099819466, 13.691498926602003, 18.845637382010747, 22.23813712078543, 19.372901621265036, 18.807149931204407, 9.300724189437275, 13.915205648339626, 24.680434373648627, 15.582201559183048, 0, 12.883994810718312, 11.473680789207156, 14.080299838274595, 9.864908667386521, 13.125946581885854, 23.925115803352835, 18.70000568284554, 14.750438313568567], [12.536156802746877, 11.612364321744177, 11.58288156148521, 6.664283311971009, 4.407102119412197, 13.407928425827796, 13.816207310219568, 13.161169338443548, 11.078368469219251, 10.981566463115293, 8.63282833671046, 12.001516839543404, 14.38343026531254, 8.816785358503417, 18.5611339356312, 11.63997573679938, 17.391396765010576, 13.269132620081784, 20.531883109577183, 22.480920234169417, 23.28981561452426, 35.69853189195734, 35.69853189195734, 33.80224268743209, 15.11487538313741, 17.417574404844032, 4.626760165903125, 9.348505095875085, 11.893637609196146, 7.992434006466106, 16.357580779862047, 9.490187442780327, 8.402485358085082, 12.72431958927671, 12.45737133915538, 0, 11.697673694330256, 6.797050456095988, 7.703777307761966, 6.90030235535577, 11.569398728626803, 12.603939293208258, 11.551431662380601, 10.889253374255404], [12.536156802746877, 11.612364321744177, 11.58288156148521, 6.664283311971009, 4.407102119412197, 13.407928425827796, 13.816207310219568, 13.161169338443548, 11.078368469219251, 10.981566463115293, 8.63282833671046, 12.001516839543404, 14.38343026531254, 8.816785358503417, 18.5611339356312, 11.63997573679938, 17.391396765010576, 13.269132620081784, 20.531883109577183, 22.480920234169417, 23.28981561452426, 35.69853189195734, 35.69853189195734, 33.80224268743209, 15.11487538313741, 17.417574404844032, 4.626760165903125, 9.348505095875085, 11.893637609196146, 7.992434006466106, 16.357580779862047, 9.490187442780327, 8.402485358085082, 12.72431958927671, 12.45737133915538, 0, 11.697673694330256, 6.797050456095988, 7.703777307761966, 6.90030235535577, 11.569398728626803, 12.603939293208258, 11.551431662380601, 10.889253374255404], [11.727325480643739, 13.817306371061449, 9.401801940142192, 9.965707607215492, 7.575112424306681, 13.095092938983168, 12.942192308156113, 13.13517826334607, 12.86629039854472, 12.670550533785221, 10.706085181727353, 10.012833078009848, 11.370651158361031, 7.0504016617955445, 12.28675847155683, 12.539091161060792, 11.274159231726154, 13.739492294362305, 22.632118228108823, 13.593592067794322, 16.029242734332303, 33.80224268743209, 33.80224268743209, 20.195511253286295, 13.952242753481265, 16.591789296680403, 7.7760127911623, 7.286798515826354, 11.315791693675198, 10.618510868348285, 15.417404095255096, 7.569968384641391, 6.251101382521, 13.343440974318371, 9.47653297635963, 0, 8.906507944925284, 7.6797626279521385, 6.629851768887011, 5.781720359456788, 9.098939187786515, 13.420582125923165, 8.140510333872795, 9.912239888533735], [32.40153278789916, 14.914984223683357, 10.440891945776437, 26.15594207934349, 17.650176034165852, 25.270362141331127, 9.256878850183218, 18.44117082651338, 14.095081722423522, 19.776086332189543, 7.746186663112539, 16.37253427829107, 19.815343967610442, 8.921445237838185, 20.581624183132476, 29.884007427349488, 18.304780770198455, 11.108895458812992, 10.997960310937666, 21.192757814372825, 25.567779141466783, 15.11487538313741, 15.11487538313741, 13.952242753481265, 59.60645944717692, 55.972607270464565, 13.765172702048098, 17.9191266321635, 27.979285585065277, 15.294094602155834, 9.193189115549144, 11.195819702272043, 13.843086837511455, 19.621048650588754, 19.3924895740918, 0, 19.540567206710985, 10.40508166395761, 8.203019275019905, 13.455710205113427, 10.019499620432573, 30.7043406268833, 15.080102471566256, 15.191871692236104], [32.32494425701491, 20.430846859393316, 10.208669974234098, 29.55299445516873, 21.782049727667193, 23.53918638521003, 7.9346138992880615, 19.75399197973057, 15.336570102094733, 27.24687395939916, 6.124181095297337, 21.110941204870848, 22.16784217968553, 6.8929065449595, 19.425441998327678, 32.099891383341195, 21.006194870361895, 11.817664785680812, 7.491518370624742, 23.980211248224247, 28.909664099819466, 17.417574404844032, 17.417574404844032, 16.591789296680403, 55.972607270464565, 51.533044247630826, 7.824134310269815, 17.177091883428762, 32.80432659295401, 21.651902919610507, 5.4630384106000855, 8.532426020430423, 11.817954112735103, 24.453791133656857, 13.300842411274434, 0, 23.9397412087631, 9.709056493609555, 6.928396777373726, 7.915149869175664, 8.193171777945734, 41.451090494934824, 13.035950270381164, 8.835931867830915], [12.745605600263499, 8.241894812148995, 10.144950663773145, 13.255367411362945, 16.09986847290366, 9.988977613052807, 6.851760039377684, 12.964722627473707, 10.549481458402092, 11.141047464619273, 5.440961833834285, 6.882586351024049, 13.98979967546149, 4.225685740130833, 13.335803341213904, 24.532421133133834, 16.576318890399317, 10.128924383536468, 7.247271317634699, 12.168394278933356, 13.691498926602003, 4.626760165903125, 4.626760165903125, 7.7760127911623, 13.765172702048098, 7.824134310269815, 34.90010096777407, 8.778027768191542, 14.2646993595828, 13.305289370499612, 3.5064976247444632, 2.5531378143357264, 5.757127523977181, 11.992020116885037, 4.5488188105890135, 0, 11.22897313438795, 4.636652025328178, 4.059934452074526, 5.3914295489818285, 2.4865521273248765, 6.8875342947642455, 7.516038621512809, 3.2617795580215696], [42.83495612036739, 21.06011419193644, 4.919444701840015, 14.825628177359508, 12.29285694184487, 34.70124214446293, 19.198858244829644, 4.971361052397915, 11.755417825370856, 13.21588840469412, 17.32516991123242, 9.36017234065299, 17.57192310460515, 20.26070036090911, 14.206299261711365, 24.966586180002384, 7.374107211786125, 5.827371913170676, 21.640217783309048, 22.99719407603732, 18.845637382010747, 9.348505095875085, 9.348505095875085, 7.286798515826354, 17.9191266321635, 17.177091883428762, 8.778027768191542, 48.10210994189912, 23.77698896703042, 9.104907389024202, 15.202625386463142, 17.453114307022165, 14.610185073812685, 15.409378728923944, 18.29885384861948, 0, 10.131511261073278, 18.950250129144983, 14.067651147445547, 12.547875833340594, 13.022208964222077, 13.826946131499282, 36.2067139829398, 15.265914756090265], [32.08216704046223, 21.84583714557172, 13.29121681761572, 27.957275080378043, 20.766754806212813, 27.875086804338984, 8.996229866317483, 14.979601167741954, 10.053711918333645, 14.356155548661599, 9.992757286066798, 20.163617593081653, 24.26694038537208, 11.793361487301517, 18.75484207528134, 52.91809537641673, 15.193217660482173, 10.884749943086472, 12.218280086650397, 18.378928921302105, 22.23813712078543, 11.893637609196146, 11.893637609196146, 11.315791693675198, 27.979285585065277, 32.80432659295401, 14.2646993595828, 23.77698896703042, 67.81803678426857, 15.413955436751912, 17.996335249338884, 7.001528933681962, 18.238175720654812, 14.759006576877212, 14.771694078487455, 0, 13.591852008286205, 14.422199742595362, 19.0158153129675, 13.720686171917112, 12.868156386304916, 18.895901287539566, 21.638984690845056, 14.044030553065845], [9.645676404418833, 12.128737856538006, 16.502326263325227, 14.118988892765959, 15.109687376145075, 10.541878504058827, 8.918425417477266, 23.609284305407535, 15.392079124816325, 20.806590789006517, 11.150328230563467, 17.448764007389343, 18.70337005423233, 8.720282135706285, 12.797422118209886, 21.586344738460134, 21.16073113761552, 16.49315709594115, 12.221958512449984, 14.415772301042006, 19.372901621265036, 7.992434006466106, 7.992434006466106, 10.618510868348285, 15.294094602155834, 21.651902919610507, 13.305289370499612, 9.104907389024202, 15.413955436751912, 61.31793954146332, 10.958290766324442, 6.7490063499162245, 9.473190667444284, 18.50837845575777, 10.929722411806846, 0, 14.215698539460567, 12.13636529011553, 11.416272582047059, 11.978603589541839, 10.977361089584512, 22.194961578301054, 11.67165650984861, 12.770874108107524], [22.076547061238966, 18.200517089265706, 6.887222582576021, 14.255200876212237, 6.974432998281194, 18.569798901134003, 11.31282736378777, 10.74601249974034, 13.662029670326712, 9.725900994307555, 20.698671534671266, 9.195682150020527, 14.745593786508138, 12.49170387778882, 14.26328477842414, 14.361049968700028, 9.075627710915661, 12.91771611931882, 21.417308416597606, 12.392631989340824, 18.807149931204407, 16.357580779862047, 16.357580779862047, 15.417404095255096, 9.193189115549144, 5.4630384106000855, 3.5064976247444632, 15.202625386463142, 17.996335249338884, 10.958290766324442, 49.919707502769135, 10.114058564878546, 13.38630732317036, 19.414872273217867, 18.275238800536567, 0, 16.441286471835124, 15.394543186584096, 14.74633592379992, 14.60109378883455, 14.719026836045607, 7.838604400210471, 11.8227846822096, 28.40141687359249], [13.91265148348558, 11.525564399471884, 0, 3.6781448533484022, 6.947623843041274, 16.86766820963887, 27.387540875321836, 6.158402871356008, 8.658591551500285, 19.87356912984459, 10.496874057249721, 5.287554302948507, 19.529299589373963, 14.097445845871928, 0, 12.42499804902409, 1.3080203087024986, 1.1297241312748538, 7.752580238363502, 10.672272084452215, 9.300724189437275, 9.490187442780327, 9.490187442780327, 7.569968384641391, 11.195819702272043, 8.532426020430423, 2.5531378143357264, 17.453114307022165, 7.001528933681962, 6.7490063499162245, 10.114058564878546, 47.43459371346685, 14.0235255583851, 16.539920846941524, 0, 0, 9.278194232509694, 16.518169744998442, 13.85505834351003, 9.439289909860745, 10.680104585816666, 9.039190825411147, 11.639285398457728, 12.191874332713383], [17.079754560293136, 15.52679158209234, 5.0092939320048195, 12.57713881602687, 10.803510277232185, 17.429603826648425, 18.92565306472165, 8.610748227773025, 14.49202056137953, 14.678698521025543, 15.086999982492092, 15.375626498218368, 22.15584993492081, 19.73116658789647, 10.844654642066132, 20.79547118927713, 7.838363196719312, 5.645229948874303, 12.268449641304162, 12.36245592836766, 13.915205648339626, 8.402485358085082, 8.402485358085082, 6.251101382521, 13.843086837511455, 11.817954112735103, 5.757127523977181, 14.610185073812685, 18.238175720654812, 9.473190667444284, 13.38630732317036, 14.0235255583851, 47.033970752583556, 13.57284031002806, 16.448219007368213, 0, 13.815980216581627, 22.455769355113006, 16.564018530152445, 15.510933995059109, 14.10897626401475, 7.1713636568580235, 15.940383033802721, 14.079444504160254], [18.109342751206896, 19.25375328707782, 11.806667284416037, 12.473899328301759, 14.082940842406549, 18.643266224304703, 11.182868123795354, 19.91104056869843, 36.38536400351721, 24.341214473955628, 20.399627808627507, 17.102256883515942, 29.41778589857708, 13.897467562829979, 15.478355920666814, 18.825146854318618, 15.087273900016037, 9.898551802179979, 16.01285764174963, 18.71852370662596, 24.680434373648627, 12.72431958927671, 12.72431958927671, 13.343440974318371, 19.621048650588754, 24.453791133656857, 11.992020116885037, 15.409378728923944, 14.759006576877212, 18.50837845575777, 19.414872273217867, 16.539920846941524, 13.57284031002806, 51.53893001959556, 15.035719419192326, 0, 19.832688909431862, 15.976164728096661, 15.839485671296552, 13.119971775670113, 17.472502166019627, 18.102788559849643, 15.037697309960596, 14.949718636163029], [20.420710737965365, 12.932473413441826, 5.108050280236137, 14.940255719092658, 7.153148167929648, 24.652018511426924, 0, 3.338254831797588, 10.076272788171941, 10.377255437388389, 19.72042979116942, 10.786947542175167, 8.763739513442392, 18.615447625148455, 12.127457410772205, 14.375557763740318, 3.9365998394023602, 3.7322709442131883, 18.223301691973173, 16.13653389544086, 15.582201559183048, 12.45737133915538, 12.45737133915538, 9.47653297635963, 19.3924895740918, 13.300842411274434, 4.5488188105890135, 18.29885384861948, 14.771694078487455, 10.929722411806846, 18.275238800536567, 0, 16.448219007368213, 15.035719419192326, 34.94410453296614, 0, 12.307655245114521, 19.685063960953244, 17.544718794223726, 16.62106930491104, 13.93831927599618, 8.40374090242935, 24.329047890958314, 8.263841657896094], [0, 0, 0, 0, 0, 0, 0, 0, 0, 0, 0, 0, 0, 0, 0, 0, 0, 0, 0, 0, 0, 0, 0, 0, 0, 0, 0, 0, 0, 0, 0, 0, 0, 0, 0, 0, 0, 0, 0, 0, 0, 0, 0, 0], [18.377586821208308, 14.648063734738919, 6.887222582576021, 11.378117467153004, 14.801293091082876, 15.398621764663666, 10.67343879119, 12.132326936539323, 11.074119058468593, 13.526799934682328, 8.680648270334016, 12.442322530670648, 23.72660538535323, 7.758164021364207, 9.401623130214329, 22.828386148559545, 12.236720636567021, 9.806889883675417, 12.627574042047343, 11.954889378049485, 12.883994810718312, 11.697673694330256, 11.697673694330256, 8.906507944925284, 19.540567206710985, 23.9397412087631, 11.22897313438795, 10.131511261073278, 13.591852008286205, 14.215698539460567, 16.441286471835124, 9.278194232509694, 13.815980216581627, 19.832688909431862, 12.307655245114521, 0, 56.16678833524441, 8.181143499634274, 15.677565006132793, 13.106365492552136, 12.690583409664791, 14.543271967218445, 15.835298871996986, 14.923488301049947], [25.67221619776027, 24.2217757696667, 4.095167048903409, 12.088801230847874, 9.715001205974152, 17.283324181791134, 20.775640490963497, 6.374712791535133, 13.24891417725749, 19.81446543922518, 10.761908603844073, 19.52564012964317, 24.80352650607707, 37.924960637897975, 10.829109863482051, 15.075770028186543, 7.383062084726281, 5.984802673170848, 13.232629280039443, 11.692604877294697, 11.473680789207156, 6.797050456095988, 6.797050456095988, 7.6797626279521385, 10.40508166395761, 9.709056493609555, 4.636652025328178, 18.950250129144983, 14.422199742595362, 12.13636529011553, 15.394543186584096, 16.518169744998442, 22.455769355113006, 15.976164728096661, 19.685063960953244, 0, 8.181143499634274, 46.53743909829841, 26.460045955062377, 13.906544176948081, 11.046237766330545, 9.372732548046493, 16.96087693087444, 13.939734084335628], [13.21948177244788, 15.849112539825542, 4.386473264624839, 7.186848641373091, 8.752341401305692, 13.215471504930992, 15.724785493943324, 7.435416047361971, 11.339729553813033, 14.008781577196936, 12.475402183298517, 12.396097169649757, 9.80806160365241, 20.799870349248444, 8.697180340859074, 12.199677284851923, 7.574725122881946, 8.019346150150177, 12.035073976684243, 11.955188714592467, 14.080299838274595, 7.703777307761966, 7.703777307761966, 6.629851768887011, 8.203019275019905, 6.928396777373726, 4.059934452074526, 14.067651147445547, 19.0158153129675, 11.416272582047059, 14.74633592379992, 13.85505834351003, 16.564018530152445, 15.839485671296552, 17.544718794223726, 0, 15.677565006132793, 26.460045955062377, 50.93552049509688, 12.077116269940163, 14.472379339574221, 6.5386633794718545, 14.661948038161478, 11.228614711217059], [17.651285991058973, 20.660093654330968, 2.9028735431180213, 7.240264743948387, 5.093399012493154, 17.604659631698606, 11.596698153856902, 3.309733361837463, 13.825873728079637, 13.148856408698382, 17.345173701909218, 8.548178183418944, 17.625623454033658, 17.499168593705452, 10.11215768344897, 13.32269204600629, 7.270262875665482, 6.293383652900876, 12.389289913324097, 10.27350776125042, 9.864908667386521, 6.90030235535577, 6.90030235535577, 5.781720359456788, 13.455710205113427, 7.915149869175664, 5.3914295489818285, 12.547875833340594, 13.720686171917112, 11.978603589541839, 14.60109378883455, 9.439289909860745, 15.510933995059109, 13.119971775670113, 16.62106930491104, 0, 13.106365492552136, 13.906544176948081, 12.077116269940163, 38.629071392718394, 21.733648255879995, 5.70979093237924, 14.39979889625809, 18.93198692670622], [9.241520389996598, 14.043322479044932, 8.449313392051865, 8.408955771994064, 4.7617566269903415, 9.957469931932597, 8.025147840021358, 11.413770446079651, 16.724983879026404, 14.034555283000154, 22.99397395032587, 7.3010106897721325, 18.05738336749703, 12.68010856379143, 12.299067159242567, 5.2177821657092665, 10.473584313404611, 10.853107722755574, 16.085051652838402, 15.47734049597076, 13.125946581885854, 11.569398728626803, 11.569398728626803, 9.098939187786515, 10.019499620432573, 8.193171777945734, 2.4865521273248765, 13.022208964222077, 12.868156386304916, 10.977361089584512, 14.719026836045607, 10.680104585816666, 14.10897626401475, 17.472502166019627, 13.93831927599618, 0, 12.690583409664791, 11.046237766330545, 14.472379339574221, 21.733648255879995, 44.388331764029715, 4.896794888255907, 10.767597428358464, 16.308833741867165], [14.512207377824655, 16.556593313211533, 8.580481396853694, 22.335539588132196, 15.945720852295938, 15.562355626137776, 8.81018662740615, 17.911026199780736, 12.26022060884379, 20.415530599304518, 4.244378953990158, 17.760897413323363, 16.229991201962083, 7.378658709736422, 14.592237467071781, 21.109869550844344, 19.86995198272838, 10.01457859881611, 3.874900234081437, 16.923967731348966, 23.925115803352835, 12.603939293208258, 12.603939293208258, 13.420582125923165, 30.7043406268833, 41.451090494934824, 6.8875342947642455, 13.826946131499282, 18.895901287539566, 22.194961578301054, 7.838604400210471, 9.039190825411147, 7.1713636568580235, 18.102788559849643, 8.40374090242935, 0, 14.543271967218445, 9.372732548046493, 6.5386633794718545, 5.70979093237924, 4.896794888255907, 48.883505156102416, 10.791956898254863, 9.50350644079067], [30.192827599234885, 21.426269352678993, 7.621964709088636, 14.713032058007462, 10.649457246760724, 28.71919830503891, 13.866203021745562, 6.89052023817723, 14.28603555862029, 14.288734903384173, 20.484705463153656, 15.081284461256848, 15.117366571300652, 21.571712682892112, 19.506292203501513, 23.31087169108161, 7.2961266056939635, 5.73950843025806, 19.85591642816217, 21.3400266851317, 18.70000568284554, 11.551431662380601, 11.551431662380601, 8.140510333872795, 15.080102471566256, 13.035950270381164, 7.516038621512809, 36.2067139829398, 21.638984690845056, 11.67165650984861, 11.8227846822096, 11.639285398457728, 15.940383033802721, 15.037697309960596, 24.329047890958314, 0, 15.835298871996986, 16.96087693087444, 14.661948038161478, 14.39979889625809, 10.767597428358464, 10.791956898254863, 44.578671093641056, 12.41992448019959], [22.021021725336812, 26.352138225346334, 6.887222582576021, 11.47622260559883, 10.097362953689034, 19.82893823283739, 10.96063653551676, 12.391834247519803, 18.01519521866176, 18.844519013408977, 14.949214072937712, 11.128685068528444, 14.749998546062667, 13.509368428032523, 15.044185363392193, 12.702904716068682, 8.349586035723627, 9.461327128173249, 17.690850927508478, 16.439616921923808, 14.750438313568567, 10.889253374255404, 10.889253374255404, 9.912239888533735, 15.191871692236104, 8.835931867830915, 3.2617795580215696, 15.265914756090265, 14.044030553065845, 12.770874108107524, 28.40141687359249, 12.191874332713383, 14.079444504160254, 14.949718636163029, 8.263841657896094, 0, 14.923488301049947, 13.939734084335628, 11.228614711217059, 18.93198692670622, 16.308833741867165, 9.50350644079067, 12.41992448019959, 46.114022862573876]]