['ComsxFac', 'ExAggFan', 'ExAggbeh', 'Exhibit', 'Fetish', 'HypSxRat', 'Inhadhd', 'JuvDelFc', 'JuvDrgFc', 'JuvaslFc', 'Masadeq', 'PAAgFan', 'PAFght', 'PAcnang', 'PCD', 'ParaRat', 'Pnchldad', 'Pnchldjv', 'Pnearex', 'Pnheter', 'Pnhomo', 'Pnvio', 'Pnvioad', 'Pnviojv', 'Sadbehr', 'Sadtot', 'Scatol', 'SxPrFAC', 'Voyeur', 'age', 'anxwom', 'attadhd', 'conchr', 'dralcadu', 'erecdys', 'genderversion', 'hoswom', 'impul', 'lkemp', 'lkprtkg', 'negmas', 'sadfanr', 'sxdeny', 'sxperanx']
[[23.280893453645632, 11.631901260576408, 4.5162491894823047, 9.0295174946182826, 10.223917492721919, 17.731950809439113, 2.8543176918474344, 0.95476532763563471, 3.9200190945728193, 5.0986100397737406, 1.4161067306639352, 9.5386204125237395, 6.6995411369494846, 7.5072111790249103, 5.4225816263569415, 13.408098418513141, 4.8085825304114156, 2.7352752081032516, 4.4270222641734076, 6.8542356121487513, 5.1724066470069312, 4.6991426235362601, 4.6991426235362601, 3.3384437429719438, 9.3037532229792195, 10.264900382774126, 6.9073133950680958, 15.002925172570718, 11.364405049869074, 2.6346101005024813, 7.6769326222942604, 3.1460779544792024, 8.0581215655927885, 3.1064196687387322, 7.4961248539191443, 4.8203948201245019, 7.3621911572901064, 11.46939483854934, -5.7665030822862349, 1.0438049487521299, 1.9698631020287543, 9.0626150008666269, -10.851934288759404, 6.7317543118004277], [11.631901260576408, 23.280893453645632, 4.815537211450045, 6.659881330252178, 8.3639074251071719, 9.4280860063518332, 2.5235564066840794, 1.2806616365539629, 2.2460687672129707, 5.8685889652865466, 1.5881506726331569, 9.8769719218219976, 8.27418267593624, 9.1773710366856474, 6.6151548238570097, 9.3389773356832162, 3.9202464305234002, 2.5695376239535386, 2.9785344383972552, 2.656227111714538, 3.0851029525926799, 1.8116631117165876, 1.8116631117165876, 1.6022486056387149, 8.0363378864286474, 8.4607467721493332, 4.6930002147509668, 8.2267358399895993, 8.418170777391552, -0.54257328213385381, 8.295799665650474, 3.0480454190984121, 6.7488970057540048, 1.9965020878278286, 5.7308139513296368, 4.589493084861977, 8.3239096177639329, 10.287640332992996, -3.3434350534089416, 4.8698050823284653, 1.7292319667690355, 7.3723839788113192, -6.1366487629644988, 5.9793374358046476], [4.5162491894823047, 4.815537211450045, 21.166010488516726, 13.674016342606249, 11.413737886664801, 3.5303952925618751, 0.15018441867757523, 0.70772780618467057, -1.2129119612582733, 0.8511559258066046, 1.6408130050039389, 9.8763493606956256, 2.7384331421241619, 1.3049353230403924, 3.5608235402782573, 7.7904629746137468, 17.904209870814412, 15.418373708711535, -2.5638915623175262, -5.4908712562105881, 13.418559338288679, 2.6145837790858861, 2.6145837790858861, 3.8484799607196876, 8.3397998537458324, 6.9629195884544126, 13.096979431917621, -1.6450869648834077, 9.7160699612954406, -0.070673780288918381, 3.3400147778989413, 0.14826188234375176, 6.5242726681784475, -6.4468906186411132, 2.1326639894407866, 19.608780588845594, 7.978606452545189, 1.9721625873428579, -0.28870912963863077, 2.7785425392352519, -0.89129922057001709, 10.252056815021019, 3.4878216331171137, 3.4015277176475918], [9.0295174946182826, 6.659881330252178, 13.674016342606249, 23.280893453645632, 12.267434635037709, 8.4579674449003601, 1.9398048649107746, 3.6055850791031503, 3.1348986201691309, 3.5921602774309784, 1.8374398767031292, 10.057277267847539, 4.7401294634298896, 3.2374100355134634, 4.2230008495943103, 15.403320249750092, 13.804423612901486, 10.844530002479159, 1.0376439688345662, 1.9187596943770648, 11.682270771703671, 5.5913009095871669, 5.5913009095871669, 6.1106351019994873, 9.8472152230749455, 9.321522318339289, 12.413392285887516, 4.1830217385770538, 12.015158907679568, 2.2241136426587556, 5.037384127510065, 1.7622754717565403, 8.8391598974504664, -1.5165202429626152, 6.8493975403615677, 14.887823475471366, 5.7055269611506789, 5.7703597497693435, -3.5312607255639636, 1.6548375879627211, -0.70721332911972912, 11.319477856554711, -3.836190339200781, 4.877011330441805], [10.223917492721919, 8.3639074251071719, 11.413737886664801, 12.267434635037709, 23.259406699226016, 8.9610497370914697, 2.0343721526450307, 1.9402793327467207, 2.8021878831804088, 3.8784592089188132, 1.9299795666333655, 10.354307763085274, 3.9648319662195295, 4.9478991592600741, 3.0833083418601905, 16.503078925526435, 10.548991703769259, 7.8254065465857332, 0.56125144518851922, 1.3894828100529495, 10.27203731123458, 5.8336812385194721, 5.8336812385194721, 6.2036822666758606, 8.8985798061545118, 9.4673613088934943, 9.4513943619021319, 5.5473277519076323, 11.852205875996869, 2.0969688682618228, 5.9280701617611165, 2.4836720857327874, 7.1519001598213752, -1.6922502458991917, 7.1950819505998789, 11.982650791464744, 5.8703646433616319, 7.5990363716653384, -4.4855768965957745, 2.0446259091139325, -0.28266502371387836, 11.481831934039523, -4.3036093917344136, 4.3719732497915693], [17.731950809439113, 9.4280860063518332, 3.5303952925618751, 8.4579674449003601, 8.9610497370914697, 23.302360395462088, 1.9758340671707229, -0.97445730027239175, 2.1349266505610123, 3.292020064152247, -0.026527554125971471, 8.5545402936732291, 6.0646420777638124, 7.1686192859936257, 3.9760031460870087, 12.205676175794139, 5.6224177826707677, 3.5086485827184686, 2.6893462153057577, 9.2818063110964246, 6.1732171536799987, 5.4266270366456215, 5.4266270366456215, 4.0186711455704272, 8.0504240222586692, 9.1303646118119186, 6.1408489850096402, 13.934321220236924, 10.687986280650289, 3.2792492281547485, 7.295054111060856, 2.1369691092869303, 6.355532714109124, 0.23654322360565472, 7.0087668582574079, 5.3848250942155298, 5.4409520834380274, 8.7073471443415063, -5.6889907334537684, 1.2477291904760701, 0.82491531443415911, 8.9425020925153369, -10.569027768938458, 6.3780779008654713], [2.8543176918474344, 2.5235564066840794, 0.15018441867757523, 1.9398048649107746, 2.0343721526450307, 1.9758340671707229, 15.491933384829668, 1.3568010505999362, 1.7926120246167401, 7.2708993833014013, 0.55089284056028121, 3.7077198573469698, 3.9088672913234688, 5.2999807671199965, 0, 2.9197225425249704, 1.0769624234121806, 0.52454094803846274, 1.2774627780882875, 2.6826882621820092, 0.008589045581613523, 0.72723869883361458, 0.72723869883361458, 1.3722590676055371, 1.0327525123190076, 1.9129525929517448, 1.2062051435361427, 3.5784321471150813, 1.0742947164580534, -0.18145510960390518, 0.43254444152627719, 9.7643908679466005, 4.9532113967502953, 2.5514214847575496, 2.1950054271677666, 0.33694195294788737, 0.10521787427117425, 5.3738652826266993, -0.69617504679205722, 0.38602748989699093, 0.080217870657918522, 2.5516452964306966, -3.4155247401085775, 0.5077335208528525], [0.95476532763563471, 1.2806616365539629, 0.70772780618467057, 3.6055850791031503, 1.9402793327467207, -0.97445730027239175, 1.3568010505999362, 17.720045146669349, 4.3143777053933023, 6.8585863153918716, 2.9968518016935701, 2.158606291725067, 3.7906154421521898, 0.89774308946669257, 1.4230836242424032, 2.6097289854056394, 3.5172664061428804, 3.2378795820633384, 2.9413731162181485, 1.2706885830943984, 1.610033230340248, 1.548100192032654, 1.548100192032654, 1.0311586401177921, 2.6430892613375292, 2.4857389295846635, 4.5322960425131704, -0.41156360180704527, 1.3668337637603647, 2.4812469344313888, 0.091244510112660826, 1.5377078573465945, 3.0499582474148141, 6.0851882000387389, 2.9654501940727132, 2.4910482755379992, 4.4055775709553338, 1.9091494538477118, 1.0639881211025721, -0.32581732123596946, 5.285419554075002, 1.3140905974270345, -1.9271385558094825, 2.6725413641161877], [3.9200190945728193, 2.2460687672129707, -1.2129119612582733, 3.1348986201691309, 2.8021878831804088, 2.1349266505610123, 1.7926120246167401, 4.3143777053933023, 17.663521732655699, 6.1501825001625674, 2.1644347922837923, 1.3001080277944599, 4.1010917612312223, 2.7958471181867885, 2.2270560529010663, 4.0513656964811311, -0.49129798880904346, -1.2925005414228652, 4.5889383911671917, 2.7362526105515559, -0.53979277129033398, -0.23751960163366465, -0.23751960163366465, 0.03859454141196543, 0.5002686382247441, 2.8790170148361693, 2.2986841780411722, 3.4791565283695181, 2.7194260081498061, -0.73004144240260516, -1.3078827416374919, 1.6472651037018693, 3.9348775916749874, 12.019351327229492, 1.1316729877810996, -1.2411695552590885, 1.1761564385324672, 3.8573886798265291, 1.1727046155821206, -0.39043161267570015, 4.6371910824632616, 3.5904521851512317, -4.0116393074399586, 0.37269772768903597], [5.0986100397737406, 5.8685889652865466, 0.8511559258066046, 3.5921602774309784, 3.8784592089188132, 3.292020064152247, 7.2708993833014013, 6.8585863153918716, 6.1501825001625674, 23.302360395462088, 3.7442790361452767, 6.6381327436038076, 11.945366912316471, 8.3624754456132067, 2.2040394020588558, 5.9796778332076164, 0.020582576280289578, -0.7024177804749947, 4.3919278713261818, 3.8736086102190823, 0.6135930200326154, 1.9280392150735719, 1.9280392150735719, 1.6066275686071596, 3.6484837652416036, 4.1267859820558526, 3.8103251840948329, 5.3539589761473385, 3.6332729142811577, 0.78222767731505849, 1.550705811293027, 6.816622824906684, 7.8782952324075062, 8.3243844448771167, 3.7307688702251665, -0.18028501151118698, 2.9494527212652435, 7.952356232314008, 0.59496640817825486, 0.94404981856782677, 7.7787472948183005, 3.0627809039136973, -5.0681959499951921, 2.3695791390279792], [1.4161067306639352, 1.5881506726331569, 1.6408130050039389, 1.8374398767031292, 1.9299795666333655, -0.026527554125971471, 0.55089284056028121, 2.9968518016935701, 2.1644347922837923, 3.7442790361452767, 23.259406699226016, 0.93903557801545057, 7.1993462125062484, 1.4615873223314342, 1.6103226400162702, 1.3945606947757201, 0.72607522797739388, 0.66833935040865378, 1.1282504497817714, 0.96170109627861877, -1.555420494647614, 0.63991529075680931, 0.63991529075680931, 1.2022372040179794, 2.6778569057697057, 2.9761592431025283, 1.2243094647837802, 1.3386446508904162, 0.20431452030560007, 2.3430798425431623, -6.6447477585078838, -0.43427027074631602, 4.7476178002170313, 3.6053702391025206, 0.73325795372730296, 1.36418683038974, 3.5913880895586754, -0.25041207283057049, 2.5033697988048966, -1.1776636984683133, 9.5595246845279078, 2.4255216778091309, -2.1823813578610713, -5.94392429305283], [9.5386204125237395, 9.8769719218219976, 9.8763493606956256, 10.057277267847539, 10.354307763085274, 8.5545402936732291, 3.7077198573469698, 2.158606291725067, 1.3001080277944599, 6.6381327436038076, 0.93903557801545057, 23.280893453645632, 11.96300616536819, 10.655516930434228, 5.3738205539882911, 10.524274430706527, 8.5859234700933804, 6.5178143777780626, 0.49921782727676034, 1.0059994896137341, 6.6873097511030322, 4.0517956869729632, 4.0517956869729632, 2.6938327847251564, 8.4235153675433008, 8.9292020290385619, 8.0200795238724716, 6.2796574311373217, 9.5581248327886286, 0.99072225477285114, 5.6834022503174184, 3.8954003877245831, 8.8213188624330687, -1.555528631057647, 4.9292561603480411, 9.0290332179006594, 4.0074908804608178, 10.447442876679997, -3.8555243444064127, 2.7620415530175744, 1.5717262282391731, 9.9925122753684743, -4.9497870594839366, 3.6913738380155263], [6.6995411369494846, 8.27418267593624, 2.7384331421241619, 4.7401294634298896, 3.9648319662195295, 6.0646420777638124, 3.9088672913234688, 3.7906154421521898, 4.1010917612312223, 11.945366912316471, 7.1993462125062484, 11.96300616536819, 23.280893453645632, 10.862394329400708, 3.5843767927996404, 6.2541293805405367, 1.6520573269261798, 0.70741222643819768, 2.2597160264711702, 2.2709151384730748, 0.48636332856180514, 2.2165875280526812, 2.2165875280526812, 1.784142889166034, 5.9143653974825403, 6.4500894978510113, 4.3240936519718902, 6.21648212962263, 4.2883870171760581, -0.89842718367233088, 0.39198778771380755, 4.1701469638721873, 9.243834506927973, 4.7725310185238135, 3.3705235437580332, 2.2839656829300403, 4.9518581859805808, 8.8103699975128738, -0.77768962854033907, 2.0610246848699081, 10.175970683935937, 5.5515508954411121, -5.3304289928549187, 2.6696131303571282], [7.5072111790249103, 9.1773710366856474, 1.3049353230403924, 3.2374100355134634, 4.9478991592600741, 7.1686192859936257, 5.2999807671199965, 0.89774308946669257, 2.7958471181867885, 8.3624754456132067, 1.4615873223314342, 10.655516930434228, 10.862394329400708, 23.280893453645632, 3.6410213918386702, 7.2641902434412637, -0.095935785597737772, 0.13022729185933785, 1.7828376532876253, 5.2189570049794316, 0.40863480924534185, 0.84040560961531485, 0.84040560961531485, 0.19684860819443356, 2.7105432861253047, 4.1883996666187855, 2.4906921840787088, 9.9754257294401292, 5.4634335883429932, -1.471161605797485, 5.4135776511887537, 4.8615657884042953, 9.2449890506968, 4.1525144114667158, 4.2255491627660593, 0.8856745634415637, 1.431889269809606, 15.325976344993322, -6.5770980855510786, 3.2354395907529856, 4.6918368978531957, 4.142767113737448, -8.1309306661087497, 3.7230536066267677], [5.4225816263569415, 6.6151548238570097, 3.5608235402782573, 4.2230008495943103, 3.0833083418601905, 3.9760031460870087, 0, 1.4230836242424032, 2.2270560529010663, 2.2040394020588558, 1.6103226400162702, 5.3738205539882911, 3.5843767927996404, 3.6410213918386702, 14.387494569938159, 4.9216370365736299, 2.9785399595173954, 2.5342109666982764, 2.9036848219573272, 4.8600871320508086, 3.3732468122751262, 3.3811959251812924, 3.3811959251812924, 3.7395888992571811, 9.5220933569465771, 9.2821226981997853, 3.112961363408842, 3.4382882306732081, 5.2175710019311463, 2.0501062442579459, 3.7598582568329233, 0, 4.5670145948921723, 2.8241168481792296, 3.9548425615632339, 2.6049702633670679, 4.4578822802781559, 4.3367766851211593, -2.2189499734897482, 0.5437102887828803, 3.0515282518737288, 6.3316787771884906, -4.5587612237607118, 4.6429689678991455], [13.408098418513141, 9.3389773356832162, 7.7904629746137468, 15.403320249750092, 16.503078925526435, 12.205676175794139, 2.9197225425249704, 2.6097289854056394, 4.0513656964811311, 5.9796778332076164, 1.3945606947757201, 10.524274430706527, 6.2541293805405367, 7.2641902434412637, 4.9216370365736299, 23.280893453645632, 7.53495395261164, 5.2170434050821619, 3.4918069162582137, 6.6421028553293029, 8.8307010146814289, 5.5970805272246791, 5.5970805272246791, 4.9441814736420167, 10.306095487036366, 11.69593457410167, 11.042382088158529, 10.968387764031991, 18.611118343144049, 1.3468990074564109, 6.3245039116654143, 4.1300316264111272, 8.6234005827426348, 1.6158112985469859, 8.7997056915806038, 7.5773207616557237, 4.4329994817559566, 10.358527214848113, -5.6113959172092427, 1.6437676538631185, 0.65088282280594978, 11.654609627531084, -10.245142708964249, 5.6706829679766324], [4.8085825304114156, 3.9202464305234002, 17.904209870814412, 13.804423612901486, 10.548991703769259, 5.6224177826707677, 1.0769624234121806, 3.5172664061428804, -0.49129798880904346, 0.020582576280289578, 0.72607522797739388, 8.5859234700933804, 1.6520573269261798, -0.095935785597737772, 2.9785399595173954, 7.53495395261164, 22.627416997969522, 19.193321682571757, -0.78274741274303972, -1.0733649662598901, 16.079456960482197, 7.2609660512700307, 7.2609660512700307, 7.7670043874886607, 8.5907355066373476, 7.259990891080272, 13.029769081032963, -2.0496307543228824, 8.2847900044933613, 3.9332708493038302, 4.9348685034045472, 1.1570313154868677, 6.3288404736527699, -5.9570989680055542, 4.7731795940247084, 20.810091231248656, 7.1842254877936638, 2.1975495455941561, -1.414576106443032, 2.2398087365378498, -2.7849738953453311, 10.888081445094553, 1.7254428628247827, 5.5931925092405681], [2.7352752081032516, 2.5695376239535386, 15.418373708711535, 10.844530002479159, 7.8254065465857332, 3.5086485827184686, 0.52454094803846274, 3.2378795820633384, -1.2925005414228652, -0.7024177804749947, 0.66833935040865378, 6.5178143777780626, 0.70741222643819768, 0.13022729185933785, 2.5342109666982764, 5.2170434050821619, 19.193321682571757, 19.493588689617926, -0.87867980837814963, -1.4196455615530841, 12.692967716078773, 4.6695539696591064, 4.6695539696591064, 5.26783280519098, 6.6117675305763086, 5.6754072540745328, 11.436133617673809, -2.2016295394552863, 5.4570543594991641, 3.4298366998314749, 3.1359128393445488, 0.43156231827758784, 5.4828577900178388, -4.8815101160256154, 2.7890961335344855, 18.195313512972763, 6.3558130340120833, 1.1892536354451471, -0.46174966417268498, 1.5437102240606448, -2.3866439601713938, 9.1018865467451953, 1.8363160214696002, 3.8712097641879262], [4.4270222641734076, 2.9785344383972552, -2.5638915623175262, 1.0376439688345662, 0.56125144518851922, 2.6893462153057577, 1.2774627780882875, 2.9413731162181485, 4.5889383911671917, 4.3919278713261818, 1.1282504497817714, 0.49921782727676034, 2.2597160264711702, 1.7828376532876253, 2.9036848219573272, 3.4918069162582137, -0.78274741274303972, -0.87867980837814963, 19.672315572905998, 7.4718656691743899, 2.0926524484605609, 4.0754755029013943, 4.0754755029013943, 4.2382370739903203, 1.8126891818144248, 2.8265712191596211, 0.051506389752124584, 4.9908726270884243, 2.601188489359644, 0.12098225343623974, 1.5481083861296285, 1.194731749343142, 3.684333287757958, 4.0510712856778062, 2.8377346890388244, -1.6336269849096128, 0.78843791522413964, 1.9565848635430314, -1.5495554596767251, -2.0957332504081618, 1.9172453264808675, 1.7616357711754851, -5.7377807142884159, 2.3558787779380288], [6.8542356121487513, 2.656227111714538, -5.4908712562105881, 1.9187596943770648, 1.3894828100529495, 9.2818063110964246, 2.6826882621820092, 1.2706885830943984, 2.7362526105515559, 3.8736086102190823, 0.96170109627861877, 1.0059994896137341, 2.2709151384730748, 5.2189570049794316, 4.8600871320508086, 6.6421028553293029, -1.0733649662598901, -1.4196455615530841, 7.4718656691743899, 23.04343724360583, 1.4472986274888662, 5.6048866146321226, 5.6048866146321226, 4.2706203480539688, 4.0002393049450973, 4.9200138190978295, 1.4156963939890901, 11.450369262103214, 4.8910881432348718, 3.285858037129687, 3.0623203682501541, 3.123152664845199, 3.3541805861583867, 5.3238863265594576, 6.3255886417149725, -1.5318261085213982, 0.82417354829509593, 4.5136793296996141, -4.2876348592578539, -1.2674958923265407, 0.9550055677087016, 3.1189247316401754, -11.606926318144529, 2.8042735751286041], [5.1724066470069312, 3.0851029525926799, 13.418559338288679, 11.682270771703671, 10.27203731123458, 6.1732171536799987, 0.008589045581613523, 1.610033230340248, -0.53979277129033398, 0.6135930200326154, -1.555420494647614, 6.6873097511030322, 0.48636332856180514, 0.40863480924534185, 3.3732468122751262, 8.8307010146814289, 16.079456960482197, 12.692967716078773, 2.0926524484605609, 1.4472986274888662, 22.627416997969522, 7.9171444094882268, 7.9171444094882268, 7.9211182954249422, 7.231183726809876, 6.7086904812817023, 9.7647219836932511, 0.42304652325471592, 8.6022095811004462, 2.7351055539546159, 3.8044058499100348, 0.45684945367312219, 5.1384154129489907, -5.7262333311623488, 5.3499921524498983, 16.284598930206389, 2.7601540686584718, 3.2013562258205046, -4.5569965741690588, 0.69146046263418282, -2.46683208478058, 9.4284791513360151, -1.0885740142288189, 4.0346598672187817], [4.6991426235362601, 1.8116631117165876, 2.6145837790858861, 5.5913009095871669, 5.8336812385194721, 5.4266270366456215, 0.72723869883361458, 1.548100192032654, -0.23751960163366465, 1.9280392150735719, 0.63991529075680931, 4.0517956869729632, 2.2165875280526812, 0.84040560961531485, 3.3811959251812924, 5.5970805272246791, 7.2609660512700307, 4.6695539696591064, 4.0754755029013943, 5.6048866146321226, 7.9171444094882268, 22.737634001804146, 22.737634001804146, 19.686350887927549, 8.7500514278851362, 8.7588250184079897, 5.7962521429272904, 2.7369852524914982, 4.6343962238229235, 4.2341176306530475, 2.3466358691678209, 0.62171613883093413, 3.0168830277606991, -1.5006497026148526, 5.4479469299247594, 6.9836108476636856, 1.2964847024151736, 1.2398837333269757, -3.069151564335582, -0.046515204065152166, 0.92412785419056376, 8.6309452739553301, -4.1872010167000298, 3.8885834911338191], [4.6991426235362601, 1.8116631117165876, 2.6145837790858861, 5.5913009095871669, 5.8336812385194721, 5.4266270366456215, 0.72723869883361458, 1.548100192032654, -0.23751960163366465, 1.9280392150735719, 0.63991529075680931, 4.0517956869729632, 2.2165875280526812, 0.84040560961531485, 3.3811959251812924, 5.5970805272246791, 7.2609660512700307, 4.6695539696591064, 4.0754755029013943, 5.6048866146321226, 7.9171444094882268, 22.737634001804146, 22.737634001804146, 19.686350887927549, 8.7500514278851362, 8.7588250184079897, 5.7962521429272904, 2.7369852524914982, 4.6343962238229235, 4.2341176306530475, 2.3466358691678209, 0.62171613883093413, 3.0168830277606991, -1.5006497026148526, 5.4479469299247594, 6.9836108476636856, 1.2964847024151736, 1.2398837333269757, -3.069151564335582, -0.046515204065152166, 0.92412785419056376, 8.6309452739553301, -4.1872010167000298, 3.8885834911338191], [3.3384437429719438, 1.6022486056387149, 3.8484799607196876, 6.1106351019994873, 6.2036822666758606, 4.0186711455704272, 1.3722590676055371, 1.0311586401177921, 0.03859454141196543, 1.6066275686071596, 1.2022372040179794, 2.6938327847251564, 1.784142889166034, 0.19684860819443356, 3.7395888992571811, 4.9441814736420167, 7.7670043874886607, 5.26783280519098, 4.2382370739903203, 4.2706203480539688, 7.9211182954249422, 19.686350887927549, 19.686350887927549, 20.591260281974002, 6.5229942460093513, 6.499796455847588, 5.3471069366091522, 1.3171642645250838, 3.654470427471149, 3.8292473055003917, 2.200773765690927, 0.93913811336806363, 3.2257710913751723, -1.2158957937226456, 4.1794073847681252, 7.7306218047845094, 2.2043358156945949, 1.2578654433145586, -2.615676384022716, 0.40959169388590755, 1.1323742507030949, 7.2809332896204833, -3.7376086661063685, 3.3189405123060021], [9.3037532229792195, 8.0363378864286474, 8.3397998537458324, 9.8472152230749455, 8.8985798061545118, 8.0504240222586692, 1.0327525123190076, 2.6430892613375292, 0.5002686382247441, 3.6484837652416036, 2.6778569057697057, 8.4235153675433008, 5.9143653974825403, 2.7105432861253047, 9.5220933569465771, 10.306095487036366, 8.5907355066373476, 6.6117675305763086, 1.8126891818144248, 4.0002393049450973, 7.231183726809876, 8.7500514278851362, 8.7500514278851362, 6.5229942460093513, 23.280893453645632, 20.533098584717727, 8.5881396228970814, 5.1521787650964317, 9.866523125251522, 2.4090687470238028, 2.423074170067554, 1.2342260872504744, 7.0390840371581316, -0.75533517259485139, 6.7425049745663497, 8.5289543404254236, 7.3825932151061897, 5.3106513024357538, -1.9491392168408634, 0.5817365297330177, 2.9109004956617435, 12.873911370335392, -5.812354746079051, 5.0044550653374174], [10.264900382774126, 8.4607467721493332, 6.9629195884544126, 9.321522318339289, 9.4673613088934943, 9.1303646118119186, 1.9129525929517448, 2.4857389295846635, 2.8790170148361693, 4.1267859820558526, 2.9761592431025283, 8.9292020290385619, 6.4500894978510113, 4.1883996666187855, 9.2821226981997853, 11.69593457410167, 7.259990891080272, 5.6754072540745328, 2.8265712191596211, 4.9200138190978295, 6.7086904812817023, 8.7588250184079897, 8.7588250184079897, 6.499796455847588, 20.533098584717727, 23.280893453645632, 7.5208972601751558, 7.0232274839075197, 10.940462894608125, 2.3068284569541038, 3.0477016498873892, 2.4555696067797137, 7.8501510347600778, 0.58557023226404248, 6.5625816037743858, 6.8239019943347152, 6.5734164774386521, 6.6813228573875616, -2.3466988187460305, 0.64300630764140476, 2.3163964313787564, 18.587199284395318, -7.4577347078512721, 4.0066256988082758], [6.9073133950680958, 4.6930002147509668, 13.096979431917621, 12.413392285887516, 9.4513943619021319, 6.1408489850096402, 1.2062051435361427, 4.5322960425131704, 2.2986841780411722, 3.8103251840948329, 1.2243094647837802, 8.0200795238724716, 4.3240936519718902, 2.4906921840787088, 3.112961363408842, 11.042382088158529, 13.029769081032963, 11.436133617673809, 0.051506389752124584, 1.4156963939890901, 9.7647219836932511, 5.7962521429272904, 5.7962521429272904, 5.3471069366091522, 8.5881396228970814, 7.5208972601751558, 23.280893453645632, 3.0528462126992504, 8.7945362543975101, 1.927825777388039, 3.7677000598149721, 1.4934945572435576, 7.8084049780002527, -0.78141332152980814, 4.2596443291267683, 14.278770054150195, 6.2631341838997638, 4.2463812757995356, -1.1532023574130914, 1.5892426574856988, 0.18049572292359223, 9.3489997581870892, -1.3634817322669153, 4.4879862283718683], [15.002925172570718, 8.2267358399895993, -1.6450869648834077, 4.1830217385770538, 5.5473277519076323, 13.934321220236924, 3.5784321471150813, -0.41156360180704527, 3.4791565283695181, 5.3539589761473385, 1.3386446508904162, 6.2796574311373217, 6.21648212962263, 9.9754257294401292, 3.4382882306732081, 10.968387764031991, -2.0496307543228824, -2.2016295394552863, 4.9908726270884243, 11.450369262103214, 0.42304652325471592, 2.7369852524914982, 2.7369852524914982, 1.3171642645250838, 5.1521787650964317, 7.0232274839075197, 3.0528462126992504, 23.280893453645632, 8.5870552641597921, 1.9907256026539362, 5.5847256052241487, 5.1294090476717447, 6.7816576238509576, 5.3348286342215099, 7.0751330367385687, -1.8042966126265547, 2.9364187582106589, 10.7633878146592, -7.1914732868887485, -0.60309734408213145, 1.7252770402417723, 6.0118506516654229, -15.807860990147837, 4.0725855914493039], [11.364405049869074, 8.418170777391552, 9.7160699612954406, 12.015158907679568, 11.852205875996869, 10.687986280650289, 1.0742947164580534, 1.3668337637603647, 2.7194260081498061, 3.6332729142811577, 0.20431452030560007, 9.5581248327886286, 4.2883870171760581, 5.4634335883429932, 5.2175710019311463, 18.611118343144049, 8.2847900044933613, 5.4570543594991641, 2.601188489359644, 4.8910881432348718, 8.6022095811004462, 4.6343962238229235, 4.6343962238229235, 3.654470427471149, 9.866523125251522, 10.940462894608125, 8.7945362543975101, 8.5870552641597921, 23.280893453645632, 1.4397924059508074, 6.7465194878105965, 2.8636806550963065, 6.1582654005862212, -1.3610973775851374, 6.3173190389751053, 9.1438524202480647, 5.0718831671846045, 7.8146233717946716, -5.0001597414071863, 2.3107324993335006, -0.83096357673056342, 11.488639574197531, -8.3878807612832098, 5.5596186648166031], [2.6346101005024813, -0.54257328213385381, -0.070673780288918381, 2.2241136426587556, 2.0969688682618228, 3.2792492281547485, -0.18145510960390518, 2.4812469344313888, -0.73004144240260516, 0.78222767731505849, 2.3430798425431623, 0.99072225477285114, -0.89842718367233088, -1.471161605797485, 2.0501062442579459, 1.3468990074564109, 3.9332708493038302, 3.4298366998314749, 0.12098225343623974, 3.285858037129687, 2.7351055539546159, 4.2341176306530475, 4.2341176306530475, 3.8292473055003917, 2.4090687470238028, 2.3068284569541038, 1.927825777388039, 1.9907256026539362, 1.4397924059508074, 23.323807579381203, -1.174729861212112, 0.29156808947767499, -0.032524620928400499, 0.5297423547815755, 5.3704357632347675, 2.7767332530264541, -0.3617634689743241, -0.68310301616004676, -1.0186962537187951, 0.30335491027772399, 0.33788921390537213, 1.7119857498939381, -3.0482079320380606, -0.31338581626668666], [7.6769326222942604, 8.295799665650474, 3.3400147778989413, 5.037384127510065, 5.9280701617611165, 7.295054111060856, 0.43254444152627719, 0.091244510112660826, -1.3078827416374919, 1.550705811293027, -6.6447477585078838, 5.6834022503174184, 0.39198778771380755, 5.4135776511887537, 3.7598582568329233, 6.3245039116654143, 4.9348685034045472, 3.1359128393445488, 1.5481083861296285, 3.0623203682501541, 3.8044058499100348, 2.3466358691678209, 2.3466358691678209, 2.200773765690927, 2.423074170067554, 3.0477016498873892, 3.7677000598149721, 5.5847256052241487, 6.7465194878105965, -1.174729861212112, 23.280893453645632, 2.5686182152954879, 2.7511856832641679, -3.0623322996315592, 3.8867412394767489, 5.3260639353618773, 3.6063518788202624, 7.2582929461661392, -7.8670147432132849, 1.8820475905662564, -3.56536714164069, 4.2831055935526949, -2.7432512311710808, 10.855570589709256], [3.1460779544792024, 3.0480454190984121, 0.14826188234375176, 1.7622754717565403, 2.4836720857327874, 2.1369691092869303, 9.7643908679466005, 1.5377078573465945, 1.6472651037018693, 6.816622824906684, -0.43427027074631602, 3.8954003877245831, 4.1701469638721873, 4.8615657884042953, 0, 4.1300316264111272, 1.1570313154868677, 0.43156231827758784, 1.194731749343142, 3.123152664845199, 0.45684945367312219, 0.62171613883093413, 0.62171613883093413, 0.93913811336806363, 1.2342260872504744, 2.4555696067797137, 1.4934945572435576, 5.1294090476717447, 2.8636806550963065, 0.29156808947767499, 2.5686182152954879, 15.491933384829668, 3.9835263915982204, 2.4659324248143366, 2.4763487418342001, 0.39296670553143948, 0.57924968027636614, 6.6881453851153543, -2.5342239337528238, 0.52279458873873963, -0.65345625366955884, 3.1786648715630856, -3.83246877262222, 2.1544599701055307], [8.0581215655927885, 6.7488970057540048, 6.5242726681784475, 8.8391598974504664, 7.1519001598213752, 6.355532714109124, 4.9532113967502953, 3.0499582474148141, 3.9348775916749874, 7.8782952324075062, 4.7476178002170313, 8.8213188624330687, 9.243834506927973, 9.2449890506968, 4.5670145948921723, 8.6234005827426348, 6.3288404736527699, 5.4828577900178388, 3.684333287757958, 3.3541805861583867, 5.1384154129489907, 3.0168830277606991, 3.0168830277606991, 3.2257710913751723, 7.0390840371581316, 7.8501510347600778, 7.8084049780002527, 6.7816576238509576, 6.1582654005862212, -0.032524620928400499, 2.7511856832641679, 3.9835263915982204, 23.280893453645632, 4.055889820913718, 5.0632129987984102, 6.8661165361800682, 3.8303674997292663, 9.6450998784984368, -2.0417992501053903, 0.75786586638194509, 3.3950947458737524, 8.6561261083238197, -6.1425627734696899, 2.1720293307531291], [3.1064196687387322, 1.9965020878278286, -6.4468906186411132, -1.5165202429626152, -1.6922502458991917, 0.23654322360565472, 2.5514214847575496, 6.0851882000387389, 12.019351327229492, 8.3243844448771167, 3.6053702391025206, -1.555528631057647, 4.7725310185238135, 4.1525144114667158, 2.8241168481792296, 1.6158112985469859, -5.9570989680055542, -4.8815101160256154, 4.0510712856778062, 5.3238863265594576, -5.7262333311623488, -1.5006497026148526, -1.5006497026148526, -1.2158957937226456, -0.75533517259485139, 0.58557023226404248, -0.78141332152980814, 5.3348286342215099, -1.3610973775851374, 0.5297423547815755, -3.0623322996315592, 2.4659324248143366, 4.055889820913718, 20.904544960366874, 2.508210667130697, -7.4146104460810021, 3.062585624904421, 3.8841084041929701, 3.3544281254833619, 0.14180509548107509, 6.6395535424449372, -1.4151794557554875, -5.3557052149404631, -0.33865617499941031], [7.4961248539191443, 5.7308139513296368, 2.1326639894407866, 6.8493975403615677, 7.1950819505998789, 7.0087668582574079, 2.1950054271677666, 2.9654501940727132, 1.1316729877810996, 3.7307688702251665, 0.73325795372730296, 4.9292561603480411, 3.3705235437580332, 4.2255491627660593, 3.9548425615632339, 8.7997056915806038, 4.7731795940247084, 2.7890961335344855, 2.8377346890388244, 6.3255886417149725, 5.3499921524498983, 5.4479469299247594, 5.4479469299247594, 4.1794073847681252, 6.7425049745663497, 6.5625816037743858, 4.2596443291267683, 7.0751330367385687, 6.3173190389751053, 5.3704357632347675, 3.8867412394767489, 2.4763487418342001, 5.0632129987984102, 2.508210667130697, 20.174241001832016, 4.2009553982158225, 2.189407845163104, 6.0379397626862943, -4.3333968959390496, 1.3036813815959631, -0.50696047203489181, 5.2822623235310058, -7.2992993295663728, 5.9761303789509714], [4.8203948201245019, 4.589493084861977, 19.608780588845594, 14.887823475471366, 11.982650791464744, 5.3848250942155298, 0.33694195294788737, 2.4910482755379992, -1.2411695552590885, -0.18028501151118698, 1.36418683038974, 9.0290332179006594, 2.2839656829300403, 0.8856745634415637, 2.6049702633670679, 7.5773207616557237, 20.810091231248656, 18.195313512972763, -1.6336269849096128, -1.5318261085213982, 16.284598930206389, 6.9836108476636856, 6.9836108476636856, 7.7306218047845094, 8.5289543404254236, 6.8239019943347152, 14.278770054150195, -1.8042966126265547, 9.1438524202480647, 2.7767332530264541, 5.3260639353618773, 0.39296670553143948, 6.8661165361800682, -7.4146104460810021, 4.2009553982158225, 23.323807579381203, 7.9592756859894243, 2.3155822850128955, -2.1720872334041497, 2.1007772603768693, -2.1580354981752325, 11.001113289613174, 2.0816417978169208, 5.5277476419944165], [7.3621911572901064, 8.3239096177639329, 7.978606452545189, 5.7055269611506789, 5.8703646433616319, 5.4409520834380274, 0.10521787427117425, 4.4055775709553338, 1.1761564385324672, 2.9494527212652435, 3.5913880895586754, 4.0074908804608178, 4.9518581859805808, 1.431889269809606, 4.4578822802781559, 4.4329994817559566, 7.1842254877936638, 6.3558130340120833, 0.78843791522413964, 0.82417354829509593, 2.7601540686584718, 1.2964847024151736, 1.2964847024151736, 2.2043358156945949, 7.3825932151061897, 6.5734164774386521, 6.2631341838997638, 2.9364187582106589, 5.0718831671846045, -0.3617634689743241, 3.6063518788202624, 0.57924968027636614, 3.8303674997292663, 3.062585624904421, 2.189407845163104, 7.9592756859894243, 20.396078054371138, 2.2859334331990859, 3.8437374316660766, 4.9806868759986154, 5.8955906599741956, 5.4452220135981468, -0.99787781591919689, 5.6881176611869133], [11.46939483854934, 10.287640332992996, 1.9721625873428579, 5.7703597497693435, 7.5990363716653384, 8.7073471443415063, 5.3738652826266993, 1.9091494538477118, 3.8573886798265291, 7.952356232314008, -0.25041207283057049, 10.447442876679997, 8.8103699975128738, 15.325976344993322, 4.3367766851211593, 10.358527214848113, 2.1975495455941561, 1.1892536354451471, 1.9565848635430314, 4.5136793296996141, 3.2013562258205046, 1.2398837333269757, 1.2398837333269757, 1.2578654433145586, 5.3106513024357538, 6.6813228573875616, 4.2463812757995356, 10.7633878146592, 7.8146233717946716, -0.68310301616004676, 7.2582929461661392, 6.6881453851153543, 9.6450998784984368, 3.8841084041929701, 6.0379397626862943, 2.3155822850128955, 2.2859334331990859, 23.280893453645632, -9.1358407988978065, 1.6521968761510391, 2.6098084649821329, 6.4237244907531164, -8.7845196083157777, 5.5183288107617861], [-5.7665030822862349, -3.3434350534089416, -0.28870912963863077, -3.5312607255639636, -4.4855768965957745, -5.6889907334537684, -0.69617504679205722, 1.0639881211025721, 1.1727046155821206, 0.59496640817825486, 2.5033697988048966, -3.8555243444064127, -0.77768962854033907, -6.5770980855510786, -2.2189499734897482, -5.6113959172092427, -1.414576106443032, -0.46174966417268498, -1.5495554596767251, -4.2876348592578539, -4.5569965741690588, -3.069151564335582, -3.069151564335582, -2.615676384022716, -1.9491392168408634, -2.3466988187460305, -1.1532023574130914, -7.1914732868887485, -5.0001597414071863, -1.0186962537187951, -7.8670147432132849, -2.5342239337528238, -2.0417992501053903, 3.3544281254833619, -4.3333968959390496, -2.1720872334041497, 3.8437374316660766, -9.1358407988978065, 23.280893453645632, 3.1864416656093186, 2.820640790475875, -2.441799536482351, 5.8799489776236387, -5.2055281621955611], [1.0438049487521299, 4.8698050823284653, 2.7785425392352519, 1.6548375879627211, 2.0446259091139325, 1.2477291904760701, 0.38602748989699093, -0.32581732123596946, -0.39043161267570015, 0.94404981856782677, -1.1776636984683133, 2.7620415530175744, 2.0610246848699081, 3.2354395907529856, 0.5437102887828803, 1.6437676538631185, 2.2398087365378498, 1.5437102240606448, -2.0957332504081618, -1.2674958923265407, 0.69146046263418282, -0.046515204065152166, -0.046515204065152166, 0.40959169388590755, 0.5817365297330177, 0.64300630764140476, 1.5892426574856988, -0.60309734408213145, 2.3107324993335006, 0.30335491027772399, 1.8820475905662564, 0.52279458873873963, 0.75786586638194509, 0.14180509548107509, 1.3036813815959631, 2.1007772603768693, 4.9806868759986154, 1.6521968761510391, 3.1864416656093186, 23.323807579381203, -1.0823597888416114, 1.013876296677805, 1.5002425641699899, 2.4860582173712986], [1.9698631020287543, 1.7292319667690355, -0.89129922057001709, -0.70721332911972912, -0.28266502371387836, 0.82491531443415911, 0.080217870657918522, 5.285419554075002, 4.6371910824632616, 7.7787472948183005, 9.5595246845279078, 1.5717262282391731, 10.175970683935937, 4.6918368978531957, 3.0515282518737288, 0.65088282280594978, -2.7849738953453311, -2.3866439601713938, 1.9172453264808675, 0.9550055677087016, -2.46683208478058, 0.92412785419056376, 0.92412785419056376, 1.1323742507030949, 2.9109004956617435, 2.3163964313787564, 0.18049572292359223, 1.7252770402417723, -0.83096357673056342, 0.33788921390537213, -3.56536714164069, -0.65345625366955884, 3.3950947458737524, 6.6395535424449372, -0.50696047203489181, -2.1580354981752325, 5.8955906599741956, 2.6098084649821329, 2.820640790475875, -1.0823597888416114, 23.302360395462088, -0.30907470070435933, -3.3512978856248634, -1.8355289516617301], [9.0626150008666269, 7.3723839788113192, 10.252056815021019, 11.319477856554711, 11.481831934039523, 8.9425020925153369, 2.5516452964306966, 1.3140905974270345, 3.5904521851512317, 3.0627809039136973, 2.4255216778091309, 9.9925122753684743, 5.5515508954411121, 4.142767113737448, 6.3316787771884906, 11.654609627531084, 10.888081445094553, 9.1018865467451953, 1.7616357711754851, 3.1189247316401754, 9.4284791513360151, 8.6309452739553301, 8.6309452739553301, 7.2809332896204833, 12.873911370335392, 18.587199284395318, 9.3489997581870892, 6.0118506516654229, 11.488639574197531, 1.7119857498939381, 4.2831055935526949, 3.1786648715630856, 8.6561261083238197, -1.4151794557554875, 5.2822623235310058, 11.001113289613174, 5.4452220135981468, 6.4237244907531164, -2.441799536482351, 1.013876296677805, -0.30907470070435933, 23.280893453645632, -5.3840569933316562, 3.1923687915228478], [-10.851934288759404, -6.1366487629644988, 3.4878216331171137, -3.836190339200781, -4.3036093917344136, -10.569027768938458, -3.4155247401085775, -1.9271385558094825, -4.0116393074399586, -5.0681959499951921, -2.1823813578610713, -4.9497870594839366, -5.3304289928549187, -8.1309306661087497, -4.5587612237607118, -10.245142708964249, 1.7254428628247827, 1.8363160214696002, -5.7377807142884159, -11.606926318144529, -1.0885740142288189, -4.1872010167000298, -4.1872010167000298, -3.7376086661063685, -5.812354746079051, -7.4577347078512721, -1.3634817322669153, -15.807860990147837, -8.3878807612832098, -3.0482079320380606, -2.7432512311710808, -3.83246877262222, -6.1425627734696899, -5.3557052149404631, -7.2992993295663728, 2.0816417978169208, -0.99787781591919689, -8.7845196083157777, 5.8799489776236387, 1.5002425641699899, -3.3512978856248634, -5.3840569933316562, 23.259406699226016, -2.39581413114922], [6.7317543118004277, 5.9793374358046476, 3.4015277176475918, 4.877011330441805, 4.3719732497915693, 6.3780779008654713, 0.5077335208528525, 2.6725413641161877, 0.37269772768903597, 2.3695791390279792, -5.94392429305283, 3.6913738380155263, 2.6696131303571282, 3.7230536066267677, 4.6429689678991455, 5.6706829679766324, 5.5931925092405681, 3.8712097641879262, 2.3558787779380288, 2.8042735751286041, 4.0346598672187817, 3.8885834911338191, 3.8885834911338191, 3.3189405123060021, 5.0044550653374174, 4.0066256988082758, 4.4879862283718683, 4.0725855914493039, 5.5596186648166031, -0.31338581626668666, 10.855570589709256, 2.1544599701055307, 2.1720293307531291, -0.33865617499941031, 5.9761303789509714, 5.5277476419944165, 5.6881176611869133, 5.5183288107617861, -5.2055281621955611, 2.4860582173712986, -1.8355289516617301, 3.1923687915228478, -2.39581413114922, 23.280893453645632]]