['ComsxFac', 'ExAggFan', 'ExAggbeh', 'Exhibit', 'Fetish', 'HypSxRat', 'Inhadhd', 'JuvDelFc', 'JuvDrgFc', 'JuvaslFc', 'Masadeq', 'PAAgFan', 'PAFght', 'PAcnang', 'PCD', 'ParaRat', 'Pnchldad', 'Pnchldjv', 'Pnearex', 'Pnheter', 'Pnhomo', 'Pnvio', 'Pnvioad', 'Pnviojv', 'Sadbehr', 'Sadtot', 'Scatol', 'SxPrFAC', 'Voyeur', 'age', 'anxwom', 'attadhd', 'conchr', 'dralcadu', 'erecdys', 'genderversion', 'hoswom', 'impul', 'lkemp', 'lkprtkg', 'negmas', 'sadfanr', 'sxdeny', 'sxperanx']
[[75.18101263095988, 36.82620704514677, 12.869973765180388, 32.475573224382245, 29.185157755851012, 56.0918794582583, 18.547723823898053, 10.98815561896983, 16.557778827335916, 17.38604418926302, 12.767600094424761, 27.10794763525624, 22.77875850112087, 22.417006814287134, 28.433140773710306, 42.2146110863077, 11.844145660039842, 8.651555929835704, 19.766531506541764, 24.44077226014202, 20.248326765661798, 12.067237791575918, 12.067237791575918, 17.589127101241882, 39.46679162955766, 34.98713628986453, 14.158885227491185, 47.732862252480324, 35.605053421194306, 10.097933492989693, 23.656520117076656, 13.32778359662395, 22.0495996658691, 16.904687312709594, 21.44350475265442, 57.84461711918885, 20.623873874336315, 31.6377822993507, 15.871204554591332, 13.888742775192314, 12.498547540723857, 26.45590254559045, 34.904818563907035, 21.717278129639865], [36.82620704514677, 69.47874115068817, 14.776243037795396, 17.321841538459676, 18.713797816340424, 29.658850052705436, 13.452141298867973, 8.568131740678272, 14.056557811076031, 25.71994543864203, 11.49665478389929, 29.119959017250267, 29.693727405194053, 28.907546002324445, 31.82671948763737, 26.28862166875746, 12.76892815612182, 6.987243951942594, 15.8013160287002, 14.566413936238252, 17.733748052982925, 14.102558647977887, 14.102558647977887, 10.022783409830131, 27.85489684888011, 30.799785288245932, 12.58215809859341, 27.095490090301247, 27.030676603526747, 12.319362053146815, 29.396041776674803, 14.696187736828955, 20.95726078673715, 20.472910505344732, 25.18392966880682, 36.89856780663844, 19.268933371555505, 29.459129921689076, 14.01721462822118, 17.146880607063103, 16.017101188662828, 28.390207676615802, 23.455041517516573, 25.809131131218198], [12.869973765180388, 14.776243037795396, 53.975760837101305, 18.384540979858215, 17.270233722269687, 9.495410568726065, 4.804738086198137, 16.862795316626084, 14.641654041961456, 12.227081764102232, 4.730642519375892, 13.680691862765237, 14.424999079565527, 6.5624307871275676, 16.768094255029013, 24.18816349297677, 26.32975708487131, 15.270955846404394, 5.036177252315957, 5.315294832901594, 11.0862135094195, 11.822359274405077, 11.822359274405077, 13.03961642123021, 26.924785915763355, 23.508072970404278, 18.697998409169877, 6.220071998931793, 20.67131153019266, 19.42614290492449, 4.141695060178338, 3.907078320735172, 8.184336466604307, 15.108004436914188, 8.094075883487474, 5.210725027661164, 14.331768475633723, 6.959297680988808, 6.897499424352938, 5.710231289951676, 7.430639710729502, 19.641512697198493, 5.010086296308663, 8.505920197413305], [32.475573224382245, 17.321841538459676, 18.384540979858215, 86.72090292149896, 37.469546049439295, 25.773765779228132, 13.368782665960094, 17.888576701017037, 27.750259667124027, 20.761860879397222, 13.988664809003929, 26.326346907862472, 21.61638314351805, 13.869217779107633, 22.757528857969568, 63.8290090211861, 22.42702846126751, 18.92773446179442, 14.776287831235617, 15.64247915770935, 27.628932741929404, 9.842792211623241, 9.842792211623241, 11.514824482191921, 42.380925037580724, 38.057287958805, 23.88333640731284, 22.461295525909367, 45.57722214158177, 19.05193714648597, 16.995594898469715, 11.406575277338195, 19.045108481070887, 21.914853415977582, 23.300214983270333, 8.585380850204249, 14.481652557270506, 17.68818892870666, 12.217861499814392, 12.292249848745623, 13.836618247601326, 34.28280520650375, 20.811870621004072, 17.41261453833367], [29.185157755851012, 18.713797816340424, 17.270233722269687, 37.469546049439295, 81.8403908062584, 30.789230232875045, 8.964707739569013, 18.2497986038536, 13.986193702515502, 18.936573536869773, 15.384483472201403, 26.387835105618873, 24.289683311353762, 11.539970698991992, 23.939195727044968, 56.496129322200815, 18.935824146622977, 11.508101177400329, 13.85415944881295, 19.78527988291667, 15.130941009907396, 7.450728311020088, 7.450728311020088, 14.455864373240036, 27.910247983544025, 28.836703581560066, 14.451012654385504, 21.871061117501146, 40.08309803211745, 9.529171481247289, 16.473729417223606, 11.41812762168444, 16.494837017367555, 12.491964698407296, 18.29569168411953, 53.5999506728887, 14.595982639995533, 14.448489461464943, 11.287440594263456, 10.12284311061271, 13.134412364254107, 25.62147724769411, 18.525722124155052, 15.30843580038317], [56.0918794582583, 29.658850052705436, 9.495410568726065, 25.773765779228132, 30.789230232875045, 57.65376469114921, 16.298886441895064, 8.83637181068185, 16.758096088913756, 17.53184383229822, 13.519648352932577, 29.241521419506025, 27.260963665733804, 20.34672016585089, 26.978679283249114, 35.404546313360555, 12.023078279271441, 9.161550897194854, 18.32256760749536, 31.05961498645806, 19.043593904891228, 17.772817951445973, 17.772817951445973, 16.036184556987866, 31.269530860901504, 33.37865067090924, 14.17431779025362, 42.041265872714675, 38.52514773984443, 10.09554607775705, 20.614107526888745, 17.155500353660777, 20.566849960250547, 13.109854691711806, 19.80046870812634, 67.70183762712513, 23.309026177021995, 26.546917924202628, 10.550419014557303, 10.188208495286588, 12.284907094785215, 28.00428999118139, 35.46289580444418, 16.21040160903258], [18.547723823898053, 13.452141298867973, 4.804738086198137, 13.368782665960094, 8.964707739569013, 16.298886441895064, 54.18516509765733, 8.974524305521221, 11.496390776219005, 25.66725690597904, 13.188781065942024, 12.80590661180046, 18.673908699464636, 21.627534027736388, 0, 14.201168039573822, 4.91093746015059, 3.120335451602329, 8.728647840118107, 14.871490693187916, 8.501659112649705, 12.848811411387894, 12.848811411387894, 12.014135105567775, 11.837617822090296, 9.474391261018326, 5.316894275852121, 17.89452646045818, 12.107901518882352, 10.634764451682713, 10.081706581596205, 33.2487696605599, 21.55370502205242, 16.400351525469464, 14.37156097513663, 12.632622778995463, 9.479938510115309, 25.386139010614233, 11.162330799447574, 10.422546311108796, 10.671148611606684, 11.939690616869045, 15.293333105302747, 13.965092871834585], [10.98815561896983, 8.568131740678272, 16.862795316626084, 17.888576701017037, 18.2497986038536, 8.83637181068185, 8.974524305521221, 60.36212911685147, 30.178080612578526, 29.02842956972287, 10.19336923520482, 21.157468429387247, 28.083937737388883, 4.499242163764612, 9.21733751359448, 18.15414217041896, 24.55664204682963, 21.762005118905183, 14.776381301519386, 10.13664482268229, 24.159519820264258, 16.599332465948162, 16.599332465948162, 15.796342743445045, 22.607638403933375, 23.42160378703855, 17.66787663558425, 6.982008198184488, 18.62319550036057, 26.16337806969496, 9.78221686632027, 8.159707781507196, 7.067557065455567, 33.66602851362529, 7.259503677409399, 4.043317089626593, 16.708391685642617, 8.225148433022875, 10.12431804478492, 8.080275232001291, 19.351126047974926, 21.25087212698316, 10.332729184743743, 9.569019769570374], [16.557778827335916, 14.056557811076031, 14.641654041961456, 27.750259667124027, 13.986193702515502, 16.758096088913756, 11.496390776219005, 30.178080612578526, 64.01415097294932, 29.27278574735996, 14.423185762779914, 15.578767215782959, 20.379401708775823, 16.308661805444423, 13.729783718538302, 21.356865849739997, 24.160371901469347, 16.134846274174432, 16.025944383397714, 10.265273383155261, 20.885448232716648, 12.652635923898611, 12.652635923898611, 15.019064592375814, 14.907266482607461, 16.67996823425617, 10.365944757564016, 13.811640005964572, 18.588569482992625, 19.309452132172954, 9.965173501682393, 10.930822464537647, 14.090588453826141, 51.93536035420327, 12.379796650339312, 13.771826263056841, 12.284393927020654, 15.64492743909019, 11.335028106068773, 13.608143322259917, 21.810421219980793, 16.458650632571917, 15.584521106950104, 19.27135470259401], [17.38604418926302, 25.71994543864203, 12.227081764102232, 20.761860879397222, 18.936573536869773, 17.53184383229822, 25.66725690597904, 29.02842956972287, 29.27278574735996, 76.17601943866386, 11.737585188603811, 29.49803048001794, 45.0458451148965, 18.857969240084213, 15.734151697664299, 24.62633067450142, 14.568402256852135, 11.913054812985376, 18.57283090450373, 17.303149555264607, 15.955602040496878, 10.997251289524213, 10.997251289524213, 16.230733277478148, 17.637884798419968, 19.778355256168254, 10.914987099567181, 18.435588808989284, 23.08797004673845, 14.824610391709456, 10.558591881935063, 29.685606091551282, 24.032589506939374, 28.086953225633444, 14.043521848738923, 56.45912810834065, 16.60132613168443, 22.759078239461488, 13.49448105481865, 8.10667724654935, 23.96359119003667, 21.334941746005022, 16.758378601005756, 11.92087452570499], [12.767600094424761, 11.49665478389929, 4.730642519375892, 13.988664809003929, 15.384483472201403, 13.519648352932577, 13.188781065942024, 10.19336923520482, 14.423185762779914, 11.737585188603811, 56.80786194774499, 9.479685957689602, 21.612502057072142, 11.672798117965721, 15.77415207350745, 7.854910567913354, 8.349151962653492, 8.209194145676014, 13.351373669354503, 17.92105015070874, 16.078436239914492, 8.477636929824788, 8.477636929824788, 9.570730462670385, 12.276216918922632, 11.087661924125484, 6.911023270086473, 14.021596811309747, 13.170257136390315, 11.405507279486796, 18.306784831397938, 10.779280382759406, 14.053336602231102, 19.811782583506346, 13.078454525713513, 30.66275113405596, 10.481997168503053, 8.911494714906173, 14.330902425234397, 13.864289982660061, 26.8830178358277, 10.605435176070444, 21.764402997690024, 20.65830081142709], [27.10794763525624, 29.119959017250267, 13.680691862765237, 26.326346907862472, 26.387835105618873, 29.241521419506025, 12.80590661180046, 21.157468429387247, 15.578767215782959, 29.49803048001794, 9.479685957689602, 90.01873578154147, 40.459275316750876, 23.73177555104465, 25.73436439484312, 38.05650375787965, 14.339636278027378, 15.723411059412104, 12.641604312491149, 17.641976364482538, 13.259722620870646, 9.369204195817124, 9.369204195817124, 17.008297333313656, 30.114681224934795, 34.986165664800744, 16.563202720431494, 23.8305531195555, 40.51375341860151, 11.238780449582624, 18.460009794147464, 15.988825925068074, 23.485271928306464, 19.369637130583474, 12.207264338596886, 61.979340479052006, 17.803699460644825, 23.78443552502962, 10.205097481029458, 12.568503490670036, 14.666525823228282, 35.81766747425641, 22.55614151937534, 13.452813143386255], [22.77875850112087, 29.693727405194053, 14.424999079565527, 21.61638314351805, 24.289683311353762, 27.260963665733804, 18.673908699464636, 28.083937737388883, 20.379401708775823, 45.0458451148965, 21.612502057072142, 40.459275316750876, 68.52319672323972, 28.857981288587045, 19.86980763892109, 28.844763918445096, 16.850404169655203, 14.207705736865972, 17.65488708475894, 20.98002442001991, 16.08489361580343, 12.557642756412594, 12.557642756412594, 13.953921052550712, 25.894207614694242, 27.457027827600747, 13.765332963072773, 22.76687903068926, 25.66014194542676, 18.752012708432428, 15.603899009569078, 18.96633868108535, 29.416088177889314, 26.709545606347323, 12.928105896487633, 65.5448897257392, 27.30079435926555, 26.155812015942413, 11.977633924311734, 12.078148594724992, 28.10849537210027, 25.740188703875884, 22.364453432361206, 14.833391525495795], [22.417006814287134, 28.907546002324445, 6.5624307871275676, 13.869217779107633, 11.539970698991992, 20.34672016585089, 21.627534027736388, 4.499242163764612, 16.308661805444423, 18.857969240084213, 11.672798117965721, 23.73177555104465, 28.857981288587045, 60.274514580266455, 20.08399265403532, 14.417544020324561, 6.517578615134259, 7.418341170659514, 12.187502035584403, 12.71289070657592, 13.444604754613694, 11.119875032853686, 11.119875032853686, 11.459768131428392, 11.834618335557032, 11.241987177530373, 5.399948534058682, 29.72130683435741, 18.722128862176618, 8.505380400223295, 15.162228466391202, 16.982932953975567, 24.04604550871011, 16.787064024537912, 19.308000261948774, 33.70197383438729, 7.745535521535035, 44.75842342088267, 20.47295003879122, 16.65485379385755, 11.55769489380514, 13.089943625369479, 25.325689996171732, 15.25617505279591], [28.433140773710306, 31.82671948763737, 16.768094255029013, 22.757528857969568, 23.939195727044968, 26.978679283249114, 0, 9.21733751359448, 13.729783718538302, 15.734151697664299, 15.77415207350745, 25.73436439484312, 19.86980763892109, 20.08399265403532, 44.44180260657425, 26.42811579616808, 7.889035549790746, 5.9144062582549255, 16.23978804596115, 25.676585387134175, 14.901788524426927, 24.48519861869362, 24.48519861869362, 21.09622276169001, 34.12754931597636, 32.65528606916925, 17.280674991459307, 26.43837579317138, 29.27222239267341, 13.437458497246745, 22.05581322508597, 0, 20.514485800954475, 14.658755845105507, 19.10752625922238, 10.614161056410639, 23.265271167000048, 16.020074081820898, 11.306355088730589, 15.796892365077124, 14.714049916616073, 25.405604716581436, 23.315353804407064, 18.88419188055182], [42.2146110863077, 26.28862166875746, 24.18816349297677, 63.8290090211861, 56.496129322200815, 35.404546313360555, 14.201168039573822, 18.15414217041896, 21.356865849739997, 24.62633067450142, 7.854910567913354, 38.05650375787965, 28.844763918445096, 14.417544020324561, 26.42811579616808, 74.73171113146671, 23.341218102243417, 14.207705736865972, 11.697435769107074, 19.723682925736732, 20.77554073471851, 11.563679993392237, 11.563679993392237, 17.779637992429365, 36.51674751097503, 40.94552046182719, 25.794538585748562, 29.317362097899583, 65.20853552537146, 20.643599361714166, 15.779490171570139, 12.997852237260311, 19.669125863108285, 20.97737062900462, 20.204851010378047, 51.52863441343127, 20.132039906591118, 25.900968221244174, 9.920425567035029, 8.387293077070257, 9.676838520791541, 35.651568213826145, 30.432918680305235, 12.562574299787652], [11.844145660039842, 12.76892815612182, 26.32975708487131, 22.42702846126751, 18.935824146622977, 12.023078279271441, 4.91093746015059, 24.55664204682963, 24.160371901469347, 14.568402256852135, 8.349151962653492, 14.339636278027378, 16.850404169655203, 6.517578615134259, 7.889035549790746, 23.341218102243417, 77.21309711621625, 68.6342092860992, 12.259626888656259, 9.93598976952614, 25.12954631008263, 9.274056940497893, 9.274056940497893, 18.768232971844917, 24.678922460899916, 25.262115969484597, 16.75294253877487, 6.6288880217536255, 16.796262690037263, 28.34800858430097, 9.091320174856023, 4.196823182647702, 8.41437430039781, 19.120445356539538, 10.22642894228685, 12.079587251566902, 9.394003433354822, 8.283152674718048, 6.32777238799623, 6.722935641454009, 7.346548582544987, 25.635036790861214, 7.898053929794438, 11.087976980273801], [8.651555929835704, 6.987243951942594, 15.270955846404394, 18.92773446179442, 11.508101177400329, 9.161550897194854, 3.120335451602329, 21.762005118905183, 16.134846274174432, 11.913054812985376, 8.209194145676014, 15.723411059412104, 14.207705736865972, 7.418341170659514, 5.9144062582549255, 14.207705736865972, 68.6342092860992, 53.45199516343303, 9.658190472007306, 9.789021736777274, 22.694495488277347, 20.25060535528312, 20.25060535528312, 17.51688353031088, 15.632619916647267, 16.131068506038687, 7.129691473511627, 7.59183243440876, 15.723411059412104, 23.82610962597075, 6.613135994315081, 2.5709298822623876, 7.121699215988223, 17.732830914521134, 10.44364878891108, 14.01590349101832, 12.814730003892118, 8.00723605920623, 8.928982277563994, 5.542377189093993, 9.816310963188878, 15.723411059412104, 7.597476913176739, 14.06480898254223], [19.766531506541764, 15.8013160287002, 5.036177252315957, 14.776287831235617, 13.85415944881295, 18.32256760749536, 8.728647840118107, 14.776381301519386, 16.025944383397714, 18.57283090450373, 13.351373669354503, 12.641604312491149, 17.65488708475894, 12.187502035584403, 16.23978804596115, 11.697435769107074, 12.259626888656259, 9.658190472007306, 50.98800731182039, 24.667609463059883, 27.59466624287362, 28.198428094700148, 28.198428094700148, 30.423345926299213, 9.98208360730226, 9.959184624141649, 5.761266919044222, 22.234732199956206, 14.375024694757693, 9.151716219394395, 16.375543516314472, 11.088826072901721, 11.809918476797053, 16.541225136227318, 12.274894374136881, 7.049122794313052, 12.206103810212579, 10.056738468990224, 12.735586832661392, 8.882317503637491, 14.07997078208909, 11.957123996507532, 18.678184691272374, 16.142252637313526], [24.44077226014202, 14.566413936238252, 5.315294832901594, 15.64247915770935, 19.78527988291667, 31.05961498645806, 14.871490693187916, 10.13664482268229, 10.265273383155261, 17.303149555264607, 17.92105015070874, 17.641976364482538, 20.98002442001991, 12.71289070657592, 25.676585387134175, 19.723682925736732, 9.93598976952614, 9.789021736777274, 24.667609463059883, 50.23232265076074, 28.024089905898364, 25.26868449870296, 25.26868449870296, 20.280367105002032, 16.147167251556922, 17.333597026721108, 7.5740235916186425, 35.23826377040478, 27.903423148761984, 12.394763671946004, 16.651039515773988, 16.46735247338697, 14.895829099517185, 17.747042309305844, 16.14193095072229, 33.6191499404759, 15.625948315979516, 9.183548378444371, 12.928551187579684, 8.666858793285856, 15.400341728688302, 17.52732074426615, 30.812248465559488, 13.519306027500978], [20.248326765661798, 17.733748052982925, 11.0862135094195, 27.628932741929404, 15.130941009907396, 19.043593904891228, 8.501659112649705, 24.159519820264258, 20.885448232716648, 15.955602040496878, 16.078436239914492, 13.259722620870646, 16.08489361580343, 13.444604754613694, 14.901788524426927, 20.77554073471851, 25.12954631008263, 22.694495488277347, 27.59466624287362, 28.024089905898364, 67.76599585175644, 28.916092837418443, 28.916092837418443, 35.36735464425455, 21.470964352135447, 20.788658187681136, 7.058619023236493, 17.049776957464818, 20.385163788596998, 17.846520580241826, 16.319287187536275, 8.583056610321522, 14.551233080339177, 19.531937214978335, 22.681997417019385, 56.71373851320861, 15.244129426388536, 15.354401261953335, 17.13377390276653, 8.563195607515762, 17.11560215451983, 16.326726234080727, 15.439855303433294, 13.233698626326003], [12.067237791575918, 14.102558647977887, 11.822359274405077, 9.842792211623241, 7.450728311020088, 17.772817951445973, 12.848811411387894, 16.599332465948162, 12.652635923898611, 10.997251289524213, 8.477636929824788, 9.369204195817124, 12.557642756412594, 11.119875032853686, 24.48519861869362, 11.563679993392237, 9.274056940497893, 20.25060535528312, 28.198428094700148, 25.26868449870296, 28.916092837418443, 52.721015010787866, 52.721015010787866, 49.13844871154931, 13.280841578486422, 13.185152982020591, 3.244826612808669, 12.824930826615095, 16.72855225549049, 6.422184576471883, 13.799287186435592, 14.02707445677221, 8.621466101655411, 12.617069429162559, 17.463320106958832, 11.804103804850662, 11.136031956806326, 7.057492559092449, 7.525140583720805, 5.412158066942984, 11.205395755115958, 12.20707329395233, 14.07253714093612, 10.239173855735606], [12.067237791575918, 14.102558647977887, 11.822359274405077, 9.842792211623241, 7.450728311020088, 17.772817951445973, 12.848811411387894, 16.599332465948162, 12.652635923898611, 10.997251289524213, 8.477636929824788, 9.369204195817124, 12.557642756412594, 11.119875032853686, 24.48519861869362, 11.563679993392237, 9.274056940497893, 20.25060535528312, 28.198428094700148, 25.26868449870296, 28.916092837418443, 52.721015010787866, 52.721015010787866, 49.13844871154931, 13.280841578486422, 13.185152982020591, 3.244826612808669, 12.824930826615095, 16.72855225549049, 6.422184576471883, 13.799287186435592, 14.02707445677221, 8.621466101655411, 12.617069429162559, 17.463320106958832, 11.804103804850662, 11.136031956806326, 7.057492559092449, 7.525140583720805, 5.412158066942984, 11.205395755115958, 12.20707329395233, 14.07253714093612, 10.239173855735606], [17.589127101241882, 10.022783409830131, 13.03961642123021, 11.514824482191921, 14.455864373240036, 16.036184556987866, 12.014135105567775, 15.796342743445045, 15.019064592375814, 16.230733277478148, 9.570730462670385, 17.008297333313656, 13.953921052550712, 11.459768131428392, 21.09622276169001, 17.779637992429365, 18.768232971844917, 17.51688353031088, 30.423345926299213, 20.280367105002032, 35.36735464425455, 49.13844871154931, 49.13844871154931, 34.51268753421704, 22.83242183141841, 24.11566580512022, 6.534995817986735, 14.532826236479613, 16.028633477456715, 16.726864309452147, 9.00218791757616, 12.61201263319857, 9.594409814221839, 14.143511988690891, 8.659831890786268, 11.496276804450492, 12.167392394405978, 10.224621084965694, 5.811465260309401, 4.255896778570068, 10.55308231231595, 22.672304678000494, 14.715848515407117, 10.175629863456457], [39.46679162955766, 27.85489684888011, 26.924785915763355, 42.380925037580724, 27.910247983544025, 31.269530860901504, 11.837617822090296, 22.607638403933375, 14.907266482607461, 17.637884798419968, 12.276216918922632, 30.114681224934795, 25.894207614694242, 11.834618335557032, 34.12754931597636, 36.51674751097503, 24.678922460899916, 15.632619916647267, 9.98208360730226, 16.147167251556922, 21.470964352135447, 13.280841578486422, 13.280841578486422, 22.83242183141841, 83.28627980328876, 79.00121592607769, 17.528602014589023, 22.403384556660892, 37.07203625079718, 19.307783920234332, 9.3440427575688, 12.29055184162114, 17.486308009957106, 21.271557672889323, 20.33303732762761, 25.727167824141095, 26.74283461486797, 12.69078126375158, 10.86205412035668, 15.36873419819221, 13.459522599506919, 53.65065704163419, 21.528720653493586, 15.875210552802592], [34.98713628986453, 30.799785288245932, 23.508072970404278, 38.057287958805, 28.836703581560066, 33.37865067090924, 9.474391261018326, 23.42160378703855, 16.67996823425617, 19.778355256168254, 11.087661924125484, 34.986165664800744, 27.457027827600747, 11.241987177530373, 32.65528606916925, 40.94552046182719, 25.262115969484597, 16.131068506038687, 9.959184624141649, 17.333597026721108, 20.788658187681136, 13.185152982020591, 13.185152982020591, 24.11566580512022, 79.00121592607769, 86.91535387022051, 16.81765426440384, 24.43133284196405, 38.98085346764669, 23.38964460106881, 9.747661220298273, 11.288179745368723, 20.003954700125387, 21.086174165257944, 17.899574321664037, 36.22374099852995, 33.67444309188427, 13.607202714915255, 14.508026147161727, 12.565701709647843, 12.170057918671052, 80.38212274286617, 27.724856543734802, 12.753868294327702], [14.158885227491185, 12.58215809859341, 18.697998409169877, 23.88333640731284, 14.451012654385504, 14.17431779025362, 5.316894275852121, 17.66787663558425, 10.365944757564016, 10.914987099567181, 6.911023270086473, 16.563202720431494, 13.765332963072773, 5.399948534058682, 17.280674991459307, 25.794538585748562, 16.75294253877487, 7.129691473511627, 5.761266919044222, 7.5740235916186425, 7.058619023236493, 3.244826612808669, 3.244826612808669, 6.534995817986735, 17.528602014589023, 16.81765426440384, 47.70913660315892, 11.911378372420945, 17.513317951584668, 11.514434315070343, 6.737231663702355, 3.6214373482045503, 8.246650355020545, 11.939141265307317, 6.7664352271408434, 22.03686829286258, 10.467459721181093, 7.514698555447188, 5.074460950528587, 6.670443278564164, 4.701330413789832, 14.091288917648978, 8.683206931964614, 5.981088520280742], [47.732862252480324, 27.095490090301247, 6.220071998931793, 22.461295525909367, 21.871061117501146, 42.041265872714675, 17.89452646045818, 6.982008198184488, 13.811640005964572, 18.435588808989284, 14.021596811309747, 23.8305531195555, 22.76687903068926, 29.72130683435741, 26.43837579317138, 29.317362097899583, 6.6288880217536255, 7.59183243440876, 22.234732199956206, 35.23826377040478, 17.049776957464818, 12.824930826615095, 12.824930826615095, 14.532826236479613, 22.403384556660892, 24.43133284196405, 11.911378372420945, 54.94663072222489, 30.918520090108895, 10.708524029207357, 16.460244558746595, 19.93857436678994, 20.08005608854482, 18.579998188083685, 21.76344227245918, 48.76734174387966, 13.500532881428477, 33.81500961176825, 13.685825067179014, 9.646873012613938, 10.92456837229271, 24.4581302186055, 44.47095071552858, 13.03914274104554], [35.605053421194306, 27.030676603526747, 20.67131153019266, 45.57722214158177, 40.08309803211745, 38.52514773984443, 12.107901518882352, 18.62319550036057, 18.588569482992625, 23.08797004673845, 13.170257136390315, 40.51375341860151, 25.66014194542676, 18.722128862176618, 29.27222239267341, 65.20853552537146, 16.796262690037263, 15.723411059412104, 14.375024694757693, 27.903423148761984, 20.385163788596998, 16.72855225549049, 16.72855225549049, 16.028633477456715, 37.07203625079718, 38.98085346764669, 17.513317951584668, 30.918520090108895, 86.63016212264436, 20.784844534820742, 20.642956049745273, 11.00776630426836, 18.243685001529474, 18.550644188638834, 18.72228276276472, 65.22410218746653, 22.15440241956474, 23.08073066887412, 11.532328283660673, 10.566789338454306, 11.084536126424652, 37.17498845035354, 31.259344401477524, 13.662915084641316], [10.097933492989693, 12.319362053146815, 19.42614290492449, 19.05193714648597, 9.529171481247289, 10.09554607775705, 10.634764451682713, 26.16337806969496, 19.309452132172954, 14.824610391709456, 11.405507279486796, 11.238780449582624, 18.752012708432428, 8.505380400223295, 13.437458497246745, 20.643599361714166, 28.34800858430097, 23.82610962597075, 9.151716219394395, 12.394763671946004, 17.846520580241826, 6.422184576471883, 6.422184576471883, 16.726864309452147, 19.307783920234332, 23.38964460106881, 11.514434315070343, 10.708524029207357, 20.784844534820742, 78.88388062984211, 11.763722389191049, 10.973074003350463, 10.070076683225642, 18.28932508284401, 15.094213229098758, 8.782129576720614, 11.350584838372773, 12.908848121029678, 12.106697677109409, 15.004826991892788, 12.509556046179032, 22.241385623051997, 9.429365313945066, 12.736590593425392], [23.656520117076656, 29.396041776674803, 4.141695060178338, 16.995594898469715, 16.473729417223606, 20.614107526888745, 10.081706581596205, 9.78221686632027, 9.965173501682393, 10.558591881935063, 18.306784831397938, 18.460009794147464, 15.603899009569078, 15.162228466391202, 22.05581322508597, 15.779490171570139, 9.091320174856023, 6.613135994315081, 16.375543516314472, 16.651039515773988, 16.319287187536275, 13.799287186435592, 13.799287186435592, 9.00218791757616, 9.3440427575688, 9.747661220298273, 6.737231663702355, 16.460244558746595, 20.642956049745273, 11.763722389191049, 54.26176110082464, 12.992225391197568, 11.325201465920145, 14.574796328622469, 15.79334531600537, 42.570020505553735, 13.331092704984407, 19.502716023938785, 15.278886717606342, 10.695272778732228, 12.854136914802638, 11.774606426696893, 12.275365647879934, 25.296227657935763], [13.32778359662395, 14.696187736828955, 3.907078320735172, 11.406575277338195, 11.41812762168444, 17.155500353660777, 33.2487696605599, 8.159707781507196, 10.930822464537647, 29.685606091551282, 10.779280382759406, 15.988825925068074, 18.96633868108535, 16.982932953975567, 0, 12.997852237260311, 4.196823182647702, 2.5709298822623876, 11.088826072901721, 16.46735247338697, 8.583056610321522, 14.02707445677221, 14.02707445677221, 12.61201263319857, 12.29055184162114, 11.288179745368723, 3.6214373482045503, 19.93857436678994, 11.00776630426836, 10.973074003350463, 12.992225391197568, 53.43199270068947, 16.591222025920782, 16.773144588370183, 20.27163512456967, 31.128558797769784, 10.04438637594708, 19.992924632832192, 11.956192517403169, 12.343666583870606, 15.485598071573484, 10.081626066098796, 15.357247744199487, 16.88476537194426], [22.0495996658691, 20.95726078673715, 8.184336466604307, 19.045108481070887, 16.494837017367555, 20.566849960250547, 21.55370502205242, 7.067557065455567, 14.090588453826141, 24.032589506939374, 14.053336602231102, 23.485271928306464, 29.416088177889314, 24.04604550871011, 20.514485800954475, 19.669125863108285, 8.41437430039781, 7.121699215988223, 11.809918476797053, 14.895829099517185, 14.551233080339177, 8.621466101655411, 8.621466101655411, 9.594409814221839, 17.486308009957106, 20.003954700125387, 8.246650355020545, 20.08005608854482, 18.243685001529474, 10.070076683225642, 11.325201465920145, 16.591222025920782, 59.75941484807386, 13.765186939867212, 17.667351379177425, 53.581168626328356, 14.780911404954436, 30.71348682945203, 12.537145476501808, 12.28575393919016, 15.116102426273335, 17.857301152468292, 20.286300761025036, 13.35844529407389], [16.904687312709594, 20.472910505344732, 15.108004436914188, 21.914853415977582, 12.491964698407296, 13.109854691711806, 16.400351525469464, 33.66602851362529, 51.93536035420327, 28.086953225633444, 19.811782583506346, 19.369637130583474, 26.709545606347323, 16.787064024537912, 14.658755845105507, 20.97737062900462, 19.120445356539538, 17.732830914521134, 16.541225136227318, 17.747042309305844, 19.531937214978335, 12.617069429162559, 12.617069429162559, 14.143511988690891, 21.271557672889323, 21.086174165257944, 11.939141265307317, 18.579998188083685, 18.550644188638834, 18.28932508284401, 14.574796328622469, 16.773144588370183, 13.765186939867212, 66.47660435938735, 24.139526178341857, 30.00700156669114, 18.990869768818882, 16.72571501857579, 14.903097377523933, 11.881566253521044, 18.916651953310822, 21.64016183293266, 16.123734560461603, 16.15134787824454], [21.44350475265442, 25.18392966880682, 8.094075883487474, 23.300214983270333, 18.29569168411953, 19.80046870812634, 14.37156097513663, 7.259503677409399, 12.379796650339312, 14.043521848738923, 13.078454525713513, 12.207264338596886, 12.928105896487633, 19.308000261948774, 19.10752625922238, 20.204851010378047, 10.22642894228685, 10.44364878891108, 12.274894374136881, 16.14193095072229, 22.681997417019385, 17.463320106958832, 17.463320106958832, 8.659831890786268, 20.33303732762761, 17.899574321664037, 6.7664352271408434, 21.76344227245918, 18.72228276276472, 15.094213229098758, 15.79334531600537, 20.27163512456967, 17.667351379177425, 24.139526178341857, 49.82117289548777, 17.07728352392879, 15.359912073085516, 19.71200252646752, 15.71194913004312, 12.045907186175164, 15.702562151451366, 14.243785910119406, 24.5189695921568, 14.087484451127759], [57.84461711918885, 36.89856780663844, 5.210725027661164, 8.585380850204249, 53.5999506728887, 67.70183762712513, 12.632622778995463, 4.043317089626593, 13.771826263056841, 56.45912810834065, 30.66275113405596, 61.979340479052006, 65.5448897257392, 33.70197383438729, 10.614161056410639, 51.52863441343127, 12.079587251566902, 14.01590349101832, 7.049122794313052, 33.6191499404759, 56.71373851320861, 11.804103804850662, 11.804103804850662, 11.496276804450492, 25.727167824141095, 36.22374099852995, 22.03686829286258, 48.76734174387966, 65.22410218746653, 8.782129576720614, 42.570020505553735, 31.128558797769784, 53.581168626328356, 30.00700156669114, 17.07728352392879, 9.686678435975509, 36.341106528550085, 18.9121856954422, 48.113171432172955, 37.440468418370685, 33.15220225848428, 35.53861738213497, 43.13038418247654, 43.71830960330988], [20.623873874336315, 19.268933371555505, 14.331768475633723, 14.481652557270506, 14.595982639995533, 23.309026177021995, 9.479938510115309, 16.708391685642617, 12.284393927020654, 16.60132613168443, 10.481997168503053, 17.803699460644825, 27.30079435926555, 7.745535521535035, 23.265271167000048, 20.132039906591118, 9.394003433354822, 12.814730003892118, 12.206103810212579, 15.625948315979516, 15.244129426388536, 11.136031956806326, 11.136031956806326, 12.167392394405978, 26.74283461486797, 33.67444309188427, 10.467459721181093, 13.500532881428477, 22.15440241956474, 11.350584838372773, 13.331092704984407, 10.04438637594708, 14.780911404954436, 18.990869768818882, 15.359912073085516, 36.341106528550085, 59.424289410862244, 8.20122529252057, 15.352751774344233, 8.788087511939532, 14.35200526801092, 18.901334797394796, 13.895397962543269, 13.352287738403232], [31.6377822993507, 29.459129921689076, 6.959297680988808, 17.68818892870666, 14.448489461464943, 26.546917924202628, 25.386139010614233, 8.225148433022875, 15.64492743909019, 22.759078239461488, 8.911494714906173, 23.78443552502962, 26.155812015942413, 44.75842342088267, 16.020074081820898, 25.900968221244174, 8.283152674718048, 8.00723605920623, 10.056738468990224, 9.183548378444371, 15.354401261953335, 7.057492559092449, 7.057492559092449, 10.224621084965694, 12.69078126375158, 13.607202714915255, 7.514698555447188, 33.81500961176825, 23.08073066887412, 12.908848121029678, 19.502716023938785, 19.992924632832192, 30.71348682945203, 16.72571501857579, 19.71200252646752, 18.9121856954422, 8.20122529252057, 64.43973396122404, 26.23654796648094, 15.949205092775623, 11.975683223227787, 13.138652563553244, 25.915490347175812, 18.966040362210254], [15.871204554591332, 14.01721462822118, 6.897499424352938, 12.217861499814392, 11.287440594263456, 10.550419014557303, 11.162330799447574, 10.12431804478492, 11.335028106068773, 13.49448105481865, 14.330902425234397, 10.205097481029458, 11.977633924311734, 20.47295003879122, 11.306355088730589, 9.920425567035029, 6.32777238799623, 8.928982277563994, 12.735586832661392, 12.928551187579684, 17.13377390276653, 7.525140583720805, 7.525140583720805, 5.811465260309401, 10.86205412035668, 14.508026147161727, 5.074460950528587, 13.685825067179014, 11.532328283660673, 12.106697677109409, 15.278886717606342, 11.956192517403169, 12.537145476501808, 14.903097377523933, 15.71194913004312, 48.113171432172955, 15.352751774344233, 26.23654796648094, 63.296321524549306, 11.542105151793171, 16.448975720766516, 13.449909747923137, 11.921349181568358, 14.02941680055619], [13.888742775192314, 17.146880607063103, 5.710231289951676, 12.292249848745623, 10.12284311061271, 10.188208495286588, 10.422546311108796, 8.080275232001291, 13.608143322259917, 8.10667724654935, 13.864289982660061, 12.568503490670036, 12.078148594724992, 16.65485379385755, 15.796892365077124, 8.387293077070257, 6.722935641454009, 5.542377189093993, 8.882317503637491, 8.666858793285856, 8.563195607515762, 5.412158066942984, 5.412158066942984, 4.255896778570068, 15.36873419819221, 12.565701709647843, 6.670443278564164, 9.646873012613938, 10.566789338454306, 15.004826991892788, 10.695272778732228, 12.343666583870606, 12.28575393919016, 11.881566253521044, 12.045907186175164, 37.440468418370685, 8.788087511939532, 15.949205092775623, 11.542105151793171, 51.237126184678424, 16.985526462328455, 8.882492288873937, 10.397423100626566, 16.244893250248147], [12.498547540723857, 16.017101188662828, 7.430639710729502, 13.836618247601326, 13.134412364254107, 12.284907094785215, 10.671148611606684, 19.351126047974926, 21.810421219980793, 23.96359119003667, 26.8830178358277, 14.666525823228282, 28.10849537210027, 11.55769489380514, 14.714049916616073, 9.676838520791541, 7.346548582544987, 9.816310963188878, 14.07997078208909, 15.400341728688302, 17.11560215451983, 11.205395755115958, 11.205395755115958, 10.55308231231595, 13.459522599506919, 12.170057918671052, 4.701330413789832, 10.92456837229271, 11.084536126424652, 12.509556046179032, 12.854136914802638, 15.485598071573484, 15.116102426273335, 18.916651953310822, 15.702562151451366, 33.15220225848428, 14.35200526801092, 11.975683223227787, 16.448975720766516, 16.985526462328455, 52.583881207163756, 9.258239521147555, 15.99914610290308, 12.843954123502593], [26.45590254559045, 28.390207676615802, 19.641512697198493, 34.28280520650375, 25.62147724769411, 28.00428999118139, 11.939690616869045, 21.25087212698316, 16.458650632571917, 21.334941746005022, 10.605435176070444, 35.81766747425641, 25.740188703875884, 13.089943625369479, 25.405604716581436, 35.651568213826145, 25.635036790861214, 15.723411059412104, 11.957123996507532, 17.52732074426615, 16.326726234080727, 12.20707329395233, 12.20707329395233, 22.672304678000494, 53.65065704163419, 80.38212274286617, 14.091288917648978, 24.4581302186055, 37.17498845035354, 22.241385623051997, 11.774606426696893, 10.081626066098796, 17.857301152468292, 21.64016183293266, 14.243785910119406, 35.53861738213497, 18.901334797394796, 13.138652563553244, 13.449909747923137, 8.882492288873937, 9.258239521147555, 81.49023147527669, 22.241232678705384, 16.26949871409042], [34.904818563907035, 23.455041517516573, 5.010086296308663, 20.811870621004072, 18.525722124155052, 35.46289580444418, 15.293333105302747, 10.332729184743743, 15.584521106950104, 16.758378601005756, 21.764402997690024, 22.55614151937534, 22.364453432361206, 25.325689996171732, 23.315353804407064, 30.432918680305235, 7.898053929794438, 7.597476913176739, 18.678184691272374, 30.812248465559488, 15.439855303433294, 14.07253714093612, 14.07253714093612, 14.715848515407117, 21.528720653493586, 27.724856543734802, 8.683206931964614, 44.47095071552858, 31.259344401477524, 9.429365313945066, 12.275365647879934, 15.357247744199487, 20.286300761025036, 16.123734560461603, 24.5189695921568, 43.13038418247654, 13.895397962543269, 25.915490347175812, 11.921349181568358, 10.397423100626566, 15.99914610290308, 22.241232678705384, 57.46378828341881, 11.769427491097934], [21.717278129639865, 25.809131131218198, 8.505920197413305, 17.41261453833367, 15.30843580038317, 16.21040160903258, 13.965092871834585, 9.569019769570374, 19.27135470259401, 11.92087452570499, 20.65830081142709, 13.452813143386255, 14.833391525495795, 15.25617505279591, 18.88419188055182, 12.562574299787652, 11.087976980273801, 14.06480898254223, 16.142252637313526, 13.519306027500978, 13.233698626326003, 10.239173855735606, 10.239173855735606, 10.175629863456457, 15.875210552802592, 12.753868294327702, 5.981088520280742, 13.03914274104554, 13.662915084641316, 12.736590593425392, 25.296227657935763, 16.88476537194426, 13.35844529407389, 16.15134787824454, 14.087484451127759, 43.71830960330988, 13.352287738403232, 18.966040362210254, 14.02941680055619, 16.244893250248147, 12.843954123502593, 16.26949871409042, 11.769427491097934, 55.365156227286384]]