['ComsxFac', 'ExAggFan', 'ExAggbeh', 'Exhibit', 'Fetish', 'HypSxRat', 'Inhadhd', 'JuvDelFc', 'JuvDrgFc', 'JuvaslFc', 'Masadeq', 'PAAgFan', 'PAFght', 'PAcnang', 'PCD', 'ParaRat', 'Pnchldad', 'Pnchldjv', 'Pnearex', 'Pnheter', 'Pnhomo', 'Pnvio', 'Pnvioad', 'Pnviojv', 'Sadbehr', 'Sadtot', 'Scatol', 'SxPrFAC', 'Voyeur', 'age', 'anxwom', 'attadhd', 'conchr', 'dralcadu', 'erecdys', 'genderversion', 'hoswom', 'impul', 'lkemp', 'lkprtkg', 'negmas', 'sadfanr', 'sxdeny', 'sxperanx']
[[25.059928172283335, 8.7112785247207221, 3.6320377631199929, 9.2546256298777809, 7.3625450192239494, 18.025633196730389, 4.8791652292158139, 4.0998980810382886, 1.3030484959863589, 3.4440860001223212, 0.74770810899758833, 5.820696112239931, 5.7589319666363172, 6.3901299017685709, 6.128717071218027, 13.218021330618878, 3.2735032150512029, 2.894602581294444, 4.2200000924629295, 6.9120776557836257, 5.8571850440581095, 5.1439739867914751, 5.1439739867914751, 4.5390518704093026, 10.764280405049664, 10.798542149150057, 6.0593554226224109, 16.459726050241542, 10.441241623894747, -0.21490022722433783, 5.1575714563313468, 3.7609582695716042, 8.2707726411936857, 3.4519101320291634, 5.7830397001156717, 4.3336006729080179, 5.127909027797342, 10.108511162972073, -2.4560490826155954, 4.0979634576799038, 0.8117621989407493, 5.964101751688264, -12.214993100273725, 4.418566592840584], [8.7112785247207221, 25.099800796022265, 4.5267375953107889, 0.81150713277650044, -0.80744395814132397, 6.6157633134321525, 5.8021724158022483, 2.5346922524394078, 2.4169159163319907, 6.7415417920168599, 8.2931529961608845, -0.47143591645684424, 7.0344211132981949, 10.844764756838401, 4.4856205617029117, 4.8543493143947458, -2.1467061445371738, 0.6263019297326331, 5.0043890083993494, 3.1213683862768589, 1.7923962782320746, 0.08713075176146956, 0.08713075176146956, 1.6502067617341447, 2.15401440916472, 2.468795549040073, -0.98973326425513308, 7.9292825412971295, 1.1093408301190175, -2.1232800387308175, 5.7192486530585622, 3.4448496616670123, 5.8984217600378441, 5.9487011538430021, 3.5055694367202048, -4.7483820936767458, 3.4608830487007207, 9.426637166317489, -2.3131185957465727, 5.8966500556432138, 5.0378841163894261, -1.1861116185884704, -9.4062976926803756, 5.9197825606015604], [3.6320377631199929, 4.5267375953107889, 11.532562594670797, 6.5889180553968156, 6.9256437993287063, 2.0388261413681787, 0, 3.9214077726240055, 0.88958188325262844, 1.1043004306585333, 1.2940175033664905, 5.1045952093294753, 5.5543864458953793, -0.82304854705644248, 7.1340090308113684, 3.9719989920127938, 10.329197497209101, 10.471088219494865, 4.7962829060543122, 1.1341845462974922, 2.3244900499169661, 5.7265142458158387, 5.7265142458158387, 6.8476391982711089, 6.7231024407756852, 5.3217256637062409, 10.768576354900802, 1.3379024448362999, 7.0136489902654828, 6.5285027271267166, 5.2024245091475629, 0, 0.33143131399585429, 0.93534928869969536, 4.9277612494658731, 11.356787520794402, 11.356787520794402, 0.33078421700367211, 3.4959709137638675, 0.92099550087310877, 3.0485327571695353, 7.2088958009066326, 1.799694389257219, 5.3769053890395941], [9.2546256298777809, 0.81150713277650044, 6.5889180553968156, 19.157244060668017, 13.500738304722574, 6.5031118011647848, -0.81883600470057283, 3.4266170488887244, 1.7590930657286072, 0.67403212922403444, -8.6126322455614908, 12.618242726268646, 7.2013648308793901, 2.7661116053192538, 7.2408195683641043, 14.416584128456437, 11.432883485202625, 9.1010719206537924, 3.2157412818263462, 2.600265878944422, 4.1840190330783118, 6.083272171820286, 6.083272171820286, 4.6588683443019336, 10.139190774521861, 9.2718565124272345, 13.513606820785826, 4.7596715117457, 15.601096849356145, 1.5863573650793696, 4.0924625000353787, 0.74726156376324926, 10.337976095118718, -3.52882216518065, 4.7300349724656714, 15.710555972617675, 7.2227255443880658, 6.3269935760883529, -2.2513299101721387, 5.1407233542545505, -3.5211320116587426, 12.212514738788364, -0.90272639442192992, 3.2111993598744588], [7.3625450192239494, -0.80744395814132397, 6.9256437993287063, 13.500738304722574, 25.079872407968907, 5.4590079285978312, -0.81844535580049438, 3.1228078471739495, -0.66304969424608606, 1.0209940202574144, -8.5641289418302655, 13.52204604583673, 6.4687863408562842, 0.10127680370220714, 7.5682379704674885, 16.797675435347657, 11.221325712471224, 10.00063800261159, 0.63457013491272574, 2.0877050235781698, 3.6158069381598796, 5.8771580341673975, 5.8771580341673975, 3.4373537219497399, 10.144943953097297, 10.161314748182193, 15.096992032116891, 2.8474007493645206, 13.612172232706238, 4.1916224562286617, 2.4341509532436669, 1.6145787765620774, 10.061572245259438, -6.3582006042592782, 4.1815666834033927, 16.803238658240552, 8.0235630003362175, 4.5739910554464176, -0.45295987685691597, -0.23268939920812887, -3.1742528889767341, 14.571333875807575, 0.34297825985593156, 0.66517238641242282], [18.025633196730389, 6.6157633134321525, 2.0388261413681787, 6.5031118011647848, 5.4590079285978312, 25.119713374160941, 3.4951572160423483, 3.6234582602798824, 2.8771427364224711, 3.7458374891941544, 2.3336306325176803, 3.2808491512902025, 4.0477968564343447, 5.0681677326927224, 4.5396610526866477, 11.045406891052503, 1.3051632056077793, 0.74522803964064854, 5.5139233667638541, 10.461401110231078, 7.2145428103589433, 5.6326829149899469, 5.6326829149899469, 4.5738785461318185, 9.8375195326033413, 10.299653612588674, 4.7448274228679708, 16.549581785408769, 7.7471816032600431, 2.0343152708318031, 2.2279725717158634, 3.3363905367249345, 7.044484200871989, 4.3419071708837258, 5.5195111114632489, 2.0966100982630174, 2.2835101779595721, 7.3250642527099714, 0.060765082145591835, 2.761271826963577, 1.0465461420030988, 5.2408332724567224, -13.581253509235644, 1.6536354569541769], [4.8791652292158139, 5.8021724158022483, 0, -0.81883600470057283, -0.81844535580049438, 3.4951572160423483, 20.124611797498108, 0.0, 2.924660042404307, 8.4725233313582855, 1.3760421119499391, 0.66618992140629896, 4.2327198295419466, 7.7147543677147947, 0, 1.6919005944619376, 0.21461807709006531, -0.72764937915139083, 0.88586826635119342, 1.3036457487167181, 0.88764999255679566, 2.1404262831841141, 2.1404262831841141, 1.5412041679739445, 0.45797976181779487, 0.83269805148580145, -0.37417210756445796, 4.6321984409641175, 1.3486254869015171, -0.51118486507036853, 0.48824401815148877, 10.156926811653451, 6.657433115761684, 3.6740269161886583, 0, -1.4220002178719218, 0.15263020701901947, 8.6280425745497826, -2.9706742374248658, 1.8287887115009378, 0.87638130919349899, -0.1512367883122524, -4.495548251553771, 1.5114589325158188], [4.0998980810382886, 2.5346922524394078, 3.9214077726240055, 3.4266170488887244, 3.1228078471739495, 3.6234582602798824, 0.0, 15.297058540778355, 5.5911659368430255, 4.0488642616063801, 3.2443708391671917, 3.8427149941738277, 4.467966466058745, 2.0007135396554525, 3.8496976604903623, 2.8768882395841824, 5.8472035979880355, 5.4435506716726323, 2.0252983220313201, 2.6518547298420767, 3.1568257749596009, 2.7132897687851858, 2.7132897687851858, 3.1901540662906474, 5.1823695295858876, 4.9574212147574785, 5.1417420642261202, 3.2331939745109874, 4.1655116264539913, 1.0184142020440321, 0.38009746129366018, -1.212183053462653, 2.0285689975018406, 4.6266165730721314, 3.4686391760758171, 4.9031863329733829, 5.8040848671535876, 2.2935199594977616, 1.5556696174531743, 1.6884505025201595, 4.191946123838143, 4.2249264429387257, -2.940561327024668, -0.39726098096459767], [1.3030484959863589, 2.4169159163319907, 0.88958188325262844, 1.7590930657286072, -0.66304969424608606, 2.8771427364224711, 2.924660042404307, 5.5911659368430255, 15.394804318340656, 5.6967900799180402, 4.0300343047069038, 0.13694533849931723, 4.2207835626794523, 2.9878175514338263, 3.0501799131496354, 0.99397779941985176, 1.9933249218013125, 1.6549108755886215, 3.4575094989108135, 3.1374791927251011, 3.1138673810072093, 0.98926002455762319, 0.98926002455762319, 0.56380850042746766, 2.0768979047215561, 1.8926295418725561, 0.83246889696190129, 2.0603417850590424, 1.4406460873139562, 0.40421634317689631, 0.11998676496403493, 0.99498743710661985, 3.1358234325744041, 11.066784031533247, 3.316229568879848, -0.048447119649484838, 1.2377677022793476, 2.4368581996136607, 0.6397767582242625, 0.37326902813296869, 3.2226285696146579, 0.39684727398930636, -3.7017707217252607, 1.0885683372402148], [3.4440860001223212, 6.7415417920168599, 1.1043004306585333, 0.67403212922403444, 1.0209940202574144, 3.7458374891941544, 8.4725233313582855, 4.0488642616063801, 5.6967900799180402, 25.119713374160941, 3.1757284167477442, 3.4607057022006456, 8.877243223844836, 8.08840341833195, 2.4752681086540931, 2.4304153048337733, -0.12824276547394917, -0.37402833474839597, 3.4240914272347012, 2.3220292032485506, 2.8284107180933922, 1.6443062747873738, 1.6443062747873738, 1.7392077424020564, 1.9117259133999993, 2.8175810267591976, 1.62530897452365, 3.4582700519261538, 1.1151263999906724, 2.4401476966057327, 1.3928438509997583, 7.245955941856864, 6.0652929308940768, 5.9546705943854406, 3.2736417735959042, 0.16429824307651253, 1.6335891948112922, 8.0444550393349346, -0.45701110412962132, 3.0734694436547301, 4.162496912189618, 2.8475333028875127, -4.5509770355006554, 2.0345060390674217], [0.74770810899758833, 8.2931529961608845, 1.2940175033664905, -8.6126322455614908, -8.5641289418302655, 2.3336306325176803, 1.3760421119499391, 3.2443708391671917, 4.0300343047069038, 3.1757284167477442, 25.119713374160941, -10.308781821255012, -0.24667927987795704, 1.9865503559507358, 2.7872133787236724, -2.9654220674123897, -8.6929946273777574, -4.7163615887721528, 5.1195463268901609, 4.168458530520696, 2.8735128478862935, -1.3693033600766182, -1.3693033600766182, 2.431700989597624, -3.8090188637224829, -3.257304978072729, -8.2209378676079989, 3.991662843461095, -8.576686621200686, -2.6693515324009218, -3.0333388506224059, -0.94197758061070014, -4.972772501375224, 9.4829980578480626, 4.5255041552616468, -13.927546156244999, 0.074889130382726196, -2.1999228323110613, 4.4103864366736554, 2.3230699909458781, 9.7572037503905307, -9.1315680799325669, -9.3398460662550651, -2.1575359536386274], [5.820696112239931, -0.47143591645684424, 5.1045952093294753, 12.618242726268646, 13.52204604583673, 3.2808491512902025, 0.66618992140629896, 3.8427149941738277, 0.13694533849931723, 3.4607057022006456, -10.308781821255012, 25.059928172283335, 8.2467087987411496, 3.3558461433577476, 4.5347535294669719, 9.4281488785031371, 12.064180360403274, 8.9050611082263753, 0.20321111028291483, 0.14646580312218938, 1.5294879733269826, 5.3361474081149796, 5.3361474081149796, 2.3324787481521949, 9.8631193133324011, 9.4442124859327272, 14.998834307279767, -0.34783242731310759, 13.393018731345403, 3.4007895392506855, 2.2322027737932819, 1.1411078921014843, 11.294145113398175, -5.5379061092432069, 0.79648554310210928, 18.632094479129968, 7.9334818098491597, 7.0093702660902304, -0.0040747896095014334, -0.36634859801156733, -1.7717673322655443, 15.117776638905623, 3.602710180923109, 0.5688799689331665], [5.7589319666363172, 7.0344211132981949, 5.5543864458953793, 7.2013648308793901, 6.4687863408562842, 4.0477968564343447, 4.2327198295419466, 4.467966466058745, 4.2207835626794523, 8.877243223844836, -0.24667927987795704, 8.2467087987411496, 25.079872407968907, 10.261307725399201, 5.2330652158433493, 6.4898394606676737, 4.9715392553782642, 3.2898485786268954, 4.5711910788308083, 3.091353501742188, 4.2531142335476702, 2.6716112553326168, 2.6716112553326168, 2.1984875276468818, 6.5770079039469724, 5.9425500485986777, 6.0704556902802711, 1.9195928331179104, 6.0455514050209738, 2.0976222452567121, 4.3601564975829072, 3.6934828340378534, 7.2374449028217729, 2.4271591369934042, 3.2133780897005337, 6.0817317662973416, 7.3497618277395595, 9.4637480201343678, -0.31449053410674394, 3.9865488008911698, 5.0034346239982206, 5.7531497652503463, -1.4597878549229717, 3.4726540928248855], [6.3901299017685709, 10.844764756838401, -0.82304854705644248, 2.7661116053192538, 0.10127680370220714, 5.0681677326927224, 7.7147543677147947, 2.0007135396554525, 2.9878175514338263, 8.08840341833195, 1.9865503559507358, 3.3558461433577476, 10.261307725399201, 25.03996805109783, 2.0511426313394283, 3.4996706634732684, -1.5145825624086029, -1.9283343868520861, 2.1163665932023279, 2.330171493486946, 1.6320607267986926, -0.45435876934498437, -0.45435876934498437, -1.7268211431303984, -0.031208322720031358, 0.68649654888904266, 0.14877377171676057, 8.1814981095347683, 1.6478837963198245, -2.8888428078462276, 1.4428860388019904, 3.4941797778181192, 8.2680368709071761, 3.7481914595284223, 0.7762778295967373, -2.0728965109800419, -1.4594453081988463, 16.240355958640304, -7.0763631407202086, 4.4358971835519379, 0.81430792392232754, 0.017073698996787595, -8.5239985106154066, 2.0118427382715516], [6.128717071218027, 4.4856205617029117, 7.1340090308113684, 7.2408195683641043, 7.5682379704674885, 4.5396610526866477, 0, 3.8496976604903623, 3.0501799131496354, 2.4752681086540931, 2.7872133787236724, 4.5347535294669719, 5.2330652158433493, 2.0511426313394283, 11.575836902790225, 6.4858115549086364, 6.5200487463117929, 6.510637848843472, 3.7244925781146705, 2.5929331947917578, 2.9735260543695237, 5.8998532824792136, 5.8998532824792136, 6.1230589856235778, 9.2905476783049199, 8.5842107480751881, 7.642081761031803, 3.9769702138752239, 6.958261702045295, 2.8060929092276061, 4.6221651783445097, 0, 2.2722121184940498, 3.0154998117895837, 4.5155016384465352, 7.1047945718281182, 6.9482734489040698, 2.3716905009352649, 1.7445667690278475, 0.57755774738868082, 4.6409292377138636, 6.7889232831827977, -1.3350483902376329, 4.606403368474254], [13.218021330618878, 4.8543493143947458, 3.9719989920127938, 14.416584128456437, 16.797675435347657, 11.045406891052503, 1.6919005944619376, 2.8768882395841824, 0.99397779941985176, 2.4304153048337733, -2.9654220674123897, 9.4281488785031371, 6.4898394606676737, 3.4996706634732684, 6.4858115549086364, 25.059928172283335, 6.3946717472414072, 5.2516221577156994, 4.5057915752591864, 5.7649960063441368, 5.9474160514408192, 6.6661046196526623, 6.6661046196526623, 4.7805862836061257, 11.578048430103316, 11.970269999446488, 13.617634830576664, 9.9516052588829318, 18.154287757821798, 2.012689875017545, 4.9059009881850359, 0.94476021923743247, 10.598703830479312, -1.2045380863115798, 5.8755763371344711, 9.8413029189034624, 6.4496415883191149, 6.7100124668370444, -1.2702415957542712, 3.1628393102543644, -1.8801135110540579, 10.954797460361606, -7.6506250478175026, 2.9570927894859356], [3.2735032150512029, -2.1467061445371738, 10.329197497209101, 11.432883485202625, 11.221325712471224, 1.3051632056077793, 0.21461807709006531, 5.8472035979880355, 1.9933249218013125, -0.12824276547394917, -8.6929946273777574, 12.064180360403274, 4.9715392553782642, -1.5145825624086029, 6.5200487463117929, 6.3946717472414072, 18.055470085267789, 15.003037299990508, 0.43082511358697007, -1.0993956825107443, 2.1335364879660221, 6.9953296994839365, 6.9953296994839365, 5.1106496101086538, 6.7639088671906018, 5.1121314598713985, 13.27089306977852, -2.0215511456509527, 11.283391283638963, 3.220196384658236, 2.1200991889763592, 0.8436403188936894, 7.4574009684845608, -4.8326755056203528, 2.7193880002242588, 16.826674691358015, 9.5961128702580112, 2.6824138202489411, 0.096010877377358625, 2.8929057630953592, -3.9588594546094957, 9.6745701357466061, 5.2186135337395472, 1.4272366351082544], [2.894602581294444, 0.6263019297326331, 10.471088219494865, 9.1010719206537924, 10.00063800261159, 0.74522803964064854, -0.72764937915139083, 5.4435506716726323, 1.6549108755886215, -0.37402833474839597, -4.7163615887721528, 8.9050611082263753, 3.2898485786268954, -1.9283343868520861, 6.510637848843472, 5.2516221577156994, 15.003037299990508, 15.066519173319364, 0.62486442931393726, -0.7928046664013545, 1.4174990687840481, 4.5473084481347774, 4.5473084481347774, 5.5962664149514731, 5.8933928826844513, 4.5858147248032015, 11.898443931756477, -1.0908817951959544, 8.4259210613217359, 3.0001870297681172, 2.0242942724049167, 0.75956680408850274, 4.5215970180796328, -1.9692284792315258, 4.2484795532989823, 13.674817827103093, 9.6421654428489099, 1.2195006321112514, 2.3048541659505872, 2.4535659028137293, -1.1947947028424462, 8.1837723273292902, 3.6071586599241465, 2.5106176667428284], [4.2200000924629295, 5.0043890083993494, 4.7962829060543122, 3.2157412818263462, 0.63457013491272574, 5.5139233667638541, 0.88586826635119342, 2.0252983220313201, 3.4575094989108135, 3.4240914272347012, 5.1195463268901609, 0.20321111028291483, 4.5711910788308083, 2.1163665932023279, 3.7244925781146705, 4.5057915752591864, 0.43082511358697007, 0.62486442931393726, 15.394804318340656, 7.531308389614634, 9.5234346786782726, 4.8599349230473683, 4.8599349230473683, 4.8352876986801681, 2.043766043311245, 1.3297431552925281, 1.0701086688850936, 5.4515320717882743, 2.2882392894525587, 3.5807014946206754, 6.0752493752377488, 0.95000547319586204, 2.1213394197329998, 4.7585430569552027, 4.4658254112685949, -0.2170475369000123, 3.3186207571298363, 2.7228389227458205, 1.9189416985197698, -0.61217397364023918, 5.6596671795850781, -0.02921448980049083, -5.9906737114794453, 3.1544334547600128], [6.9120776557836257, 3.1213683862768589, 1.1341845462974922, 2.600265878944422, 2.0877050235781698, 10.461401110231078, 1.3036457487167181, 2.6518547298420767, 3.1374791927251011, 2.3220292032485506, 4.168458530520696, 0.14646580312218938, 3.091353501742188, 2.330171493486946, 2.5929331947917578, 5.7649960063441368, -1.0993956825107443, -0.7928046664013545, 7.531308389614634, 19.672315572905998, 13.021867276994417, 6.671555484930769, 6.671555484930769, 6.3189617204813011, 4.4432306365039453, 4.8900425212835108, 1.630021050477376, 9.2042083387101865, 3.3856219416169568, 4.4049327304435373, 3.8800694569556531, 0.044551440840390498, 2.9745084660044765, 3.8998269691205514, 4.9302970119471512, 0.26619028264135752, 1.1426803162134473, 2.5825833090859747, 0.64236998603566597, 0.0081784394323986456, 2.8248973322129585, 2.9750407238387981, -8.0521815260418244, -0.53786679930434911], [5.8571850440581095, 1.7923962782320746, 2.3244900499169661, 4.1840190330783118, 3.6158069381598796, 7.2145428103589433, 0.88764999255679566, 3.1568257749596009, 3.1138673810072093, 2.8284107180933922, 2.8735128478862935, 1.5294879733269826, 4.2531142335476702, 1.6320607267986926, 2.9735260543695237, 5.9474160514408192, 2.1335364879660221, 1.4174990687840481, 9.5234346786782726, 13.021867276994417, 18.055470085267789, 7.6172162761430657, 7.6172162761430657, 7.831326578922388, 2.9339747558942602, 2.7636167341430502, 1.9871397951893308, 6.3644096357727893, 4.765248868778281, 3.4837299051064945, 4.7076539761713345, -0.46060216469140519, 2.4520060331825038, 3.7164962877358976, 4.7720126654576109, 2.0754953250974819, 1.8379211697033457, 2.5201933455923924, 1.1894873743849164, 0.46133687794750411, 1.9952658155144085, 2.638450424704295, -5.4276819144396491, 0.91965006208540379], [5.1439739867914751, 0.08713075176146956, 5.7265142458158387, 6.083272171820286, 5.8771580341673975, 5.6326829149899469, 2.1404262831841141, 2.7132897687851858, 0.98926002455762319, 1.6443062747873738, -1.3693033600766182, 5.3361474081149796, 2.6716112553326168, -0.45435876934498437, 5.8998532824792136, 6.6661046196526623, 6.9953296994839365, 4.5473084481347774, 4.8599349230473683, 6.671555484930769, 7.6172162761430657, 18.520259177452136, 18.520259177452136, 15.635773073037191, 6.5916707406109385, 6.2876760499920028, 7.1065996102636468, 2.0008461116953034, 7.1197941735504937, 3.8931915847293195, 4.4260374761822172, 0.73357561017453954, 4.0200274429552012, 0.5993745774171737, 4.2092917288469582, 7.3104854292836761, 3.4721919891448443, 1.8673032422089841, 0.67475481348241972, 0.79321430304871143, 0.17031202079817775, 7.501296444950996, 0.12263244913875863, 1.0063136117003699], [5.1439739867914751, 0.08713075176146956, 5.7265142458158387, 6.083272171820286, 5.8771580341673975, 5.6326829149899469, 2.1404262831841141, 2.7132897687851858, 0.98926002455762319, 1.6443062747873738, -1.3693033600766182, 5.3361474081149796, 2.6716112553326168, -0.45435876934498437, 5.8998532824792136, 6.6661046196526623, 6.9953296994839365, 4.5473084481347774, 4.8599349230473683, 6.671555484930769, 7.6172162761430657, 18.520259177452136, 18.520259177452136, 15.635773073037191, 6.5916707406109385, 6.2876760499920028, 7.1065996102636468, 2.0008461116953034, 7.1197941735504937, 3.8931915847293195, 4.4260374761822172, 0.73357561017453954, 4.0200274429552012, 0.5993745774171737, 4.2092917288469582, 7.3104854292836761, 3.4721919891448443, 1.8673032422089841, 0.67475481348241972, 0.79321430304871143, 0.17031202079817775, 7.501296444950996, 0.12263244913875863, 1.0063136117003699], [4.5390518704093026, 1.6502067617341447, 6.8476391982711089, 4.6588683443019336, 3.4373537219497399, 4.5738785461318185, 1.5412041679739445, 3.1901540662906474, 0.56380850042746766, 1.7392077424020564, 2.431700989597624, 2.3324787481521949, 2.1984875276468818, -1.7268211431303984, 6.1230589856235778, 4.7805862836061257, 5.1106496101086538, 5.5962664149514731, 4.8352876986801681, 6.3189617204813011, 7.831326578922388, 15.635773073037191, 15.635773073037191, 16.61324772583615, 5.0857815973258269, 5.3409801869763802, 5.1528681107131549, 2.3137405430057472, 5.0378804297296265, 3.0039680026265119, 5.0114967284037979, 0.099487292623125292, 1.0888473158423637, 1.8347666272055723, 4.4339833739101708, 4.8854483546536853, 4.4815682385671343, 0.012944266391354282, 2.7856282859357666, 0.58662323343494149, 3.2894140415191337, 6.6755434602104433, -1.0688217395946555, 1.9507391590587553], [10.764280405049664, 2.15401440916472, 6.7231024407756852, 10.139190774521861, 10.144943953097297, 9.8375195326033413, 0.45797976181779487, 5.1823695295858876, 2.0768979047215561, 1.9117259133999993, -3.8090188637224829, 9.8631193133324011, 6.5770079039469724, -0.031208322720031358, 9.2905476783049199, 11.578048430103316, 6.7639088671906018, 5.8933928826844513, 2.043766043311245, 4.4432306365039453, 2.9339747558942602, 6.5916707406109385, 6.5916707406109385, 5.0857815973258269, 25.059928172283335, 23.433575948120392, 11.327821622518892, 5.0393328564918072, 12.608489385846699, 3.9870116476333477, 2.2413989765651423, 1.3730356180288557, 8.6252161998366113, -0.18309162369838508, 6.8584713951904277, 11.342097956317616, 8.43429967915473, 3.5277741231813891, 2.3137835586152131, 1.2287627630248945, 0.075109202992776736, 12.869790733368033, -2.5487804617415684, 1.3684566528199957], [10.798542149150057, 2.468795549040073, 5.3217256637062409, 9.2718565124272345, 10.161314748182193, 10.299653612588674, 0.83269805148580145, 4.9574212147574785, 1.8926295418725561, 2.8175810267591976, -3.257304978072729, 9.4442124859327272, 5.9425500485986777, 0.68649654888904266, 8.5842107480751881, 11.970269999446488, 5.1121314598713985, 4.5858147248032015, 1.3297431552925281, 4.8900425212835108, 2.7636167341430502, 6.2876760499920028, 6.2876760499920028, 5.3409801869763802, 23.433575948120392, 25.059928172283335, 10.335459794228781, 6.5480902646348245, 12.124558338319719, 4.4235775155814698, 2.2070704525396851, 1.0005172400418745, 8.7776553418757342, 0.42471459937911726, 6.7776561697176687, 10.166189682712034, 7.2217972207932561, 4.0976780070091188, 1.5840890308591511, 0.56451620437519623, 0.085897196342127211, 16.533343493408772, -4.2911193839408082, 1.1080792966254918], [6.0593554226224109, -0.98973326425513308, 10.768576354900802, 13.513606820785826, 15.096992032116891, 4.7448274228679708, -0.37417210756445796, 5.1417420642261202, 0.83246889696190129, 1.62530897452365, -8.2209378676079989, 14.998834307279767, 6.0704556902802711, 0.14877377171676057, 7.642081761031803, 13.617634830576664, 13.27089306977852, 11.898443931756477, 1.0701086688850936, 1.630021050477376, 1.9871397951893308, 7.1065996102636468, 7.1065996102636468, 5.1528681107131549, 11.327821622518892, 10.335459794228781, 25.079872407968907, 1.0461998658801965, 14.562727399543922, 5.4338471862624429, 1.2491882269992785, 0.82136408963187968, 10.807702842398028, -5.0892855400637922, 3.7480932558821261, 19.773975548026296, 9.9905235333410634, 2.9916836238155264, 1.4309248554275662, -1.1442435628494099, -2.9905776558878538, 15.584569849341531, 2.274861328107757, -0.12228568238332885], [16.459726050241542, 7.9292825412971295, 1.3379024448362999, 4.7596715117457, 2.8474007493645206, 16.549581785408769, 4.6321984409641175, 3.2331939745109874, 2.0603417850590424, 3.4582700519261538, 3.991662843461095, -0.34783242731310759, 1.9195928331179104, 8.1814981095347683, 3.9769702138752239, 9.9516052588829318, -2.0215511456509527, -1.0908817951959544, 5.4515320717882743, 9.2042083387101865, 6.3644096357727893, 2.0008461116953034, 2.0008461116953034, 2.3137405430057472, 5.0393328564918072, 6.5480902646348245, 1.0461998658801965, 25.03996805109783, 5.1100888689772104, -0.00080699619704936373, 1.9895967056432224, 2.8588689430325247, 6.5681981230492186, 4.9107253302475113, 5.2965854924063072, -2.7660038459364542, -1.7086194028539492, 8.7560001650471957, -4.5778846292430577, 2.3156377975810218, -2.0332817747028313, 1.8385933326509285, -18.656949955694191, 0.54469683343107278], [10.441241623894747, 1.1093408301190175, 7.0136489902654828, 15.601096849356145, 13.612172232706238, 7.7471816032600431, 1.3486254869015171, 4.1655116264539913, 1.4406460873139562, 1.1151263999906724, -8.576686621200686, 13.393018731345403, 6.0455514050209738, 1.6478837963198245, 6.958261702045295, 18.154287757821798, 11.283391283638963, 8.4259210613217359, 2.2882392894525587, 3.3856219416169568, 4.765248868778281, 7.1197941735504937, 7.1197941735504937, 5.0378804297296265, 12.608489385846699, 12.124558338319719, 14.562727399543922, 5.1100888689772104, 25.059928172283335, 2.8363061177477942, 4.9740602222490926, 1.309504835240453, 10.860131452768043, -4.5512338372456327, 5.4490107281510038, 16.26011403709014, 8.6139121797935676, 6.5016599456722624, -2.5048858489068251, 2.4431326309273129, -2.9266253593097677, 13.478350119595151, -1.4734945999979308, 2.2449553111200378], [-0.21490022722433783, -2.1232800387308175, 6.5285027271267166, 1.5863573650793696, 4.1916224562286617, 2.0343152708318031, -0.51118486507036853, 1.0184142020440321, 0.40421634317689631, 2.4401476966057327, -2.6693515324009218, 3.4007895392506855, 2.0976222452567121, -2.8888428078462276, 2.8060929092276061, 2.012689875017545, 3.220196384658236, 3.0001870297681172, 3.5807014946206754, 4.4049327304435373, 3.4837299051064945, 3.8931915847293195, 3.8931915847293195, 3.0039680026265119, 3.9870116476333477, 4.4235775155814698, 5.4338471862624429, -0.00080699619704936373, 2.8363061177477942, 25.159491250818249, 3.1668337855059665, 1.0831091727720048, 0.99246883739440972, 1.3680724952459207, 3.8445682871803948, 5.8145392639325379, 2.4778394206432433, 0.049759483032262811, -0.020365409002473557, -3.1378115930273247, -0.93824017578103658, 6.528552929955775, 0.62860615251188667, -0.65998250782689094], [5.1575714563313468, 5.7192486530585622, 5.2024245091475629, 4.0924625000353787, 2.4341509532436669, 2.2279725717158634, 0.48824401815148877, 0.38009746129366018, 0.11998676496403493, 1.3928438509997583, -3.0333388506224059, 2.2322027737932819, 4.3601564975829072, 1.4428860388019904, 4.6221651783445097, 4.9059009881850359, 2.1200991889763592, 2.0242942724049167, 6.0752493752377488, 3.8800694569556531, 4.7076539761713345, 4.4260374761822172, 4.4260374761822172, 5.0114967284037979, 2.2413989765651423, 2.2070704525396851, 1.2491882269992785, 1.9895967056432224, 4.9740602222490926, 3.1668337855059665, 25.099800796022265, 1.5085206408123515, 1.8296739446888977, 1.3999622345190776, 3.8624942325714704, 2.2924638851383259, 5.3368407856037763, 4.2098236597942451, -3.1420281369636185, 4.4317773131238853, 2.0762019460789172, 2.0955675420013491, 0.43415176373767767, 11.034521063973123], [3.7609582695716042, 3.4448496616670123, 0, 0.74726156376324926, 1.6145787765620774, 3.3363905367249345, 10.156926811653451, -1.212183053462653, 0.99498743710661985, 7.245955941856864, -0.94197758061070014, 1.1411078921014843, 3.6934828340378534, 3.4941797778181192, 0, 0.94476021923743247, 0.8436403188936894, 0.75956680408850274, 0.95000547319586204, 0.044551440840390498, -0.46060216469140519, 0.73357561017453954, 0.73357561017453954, 0.099487292623125292, 1.3730356180288557, 1.0005172400418745, 0.82136408963187968, 2.8588689430325247, 1.309504835240453, 1.0831091727720048, 1.5085206408123515, 20.124611797498108, 4.9597937258668585, 2.9571012427083345, 0, 0.68576532074916741, 1.513625601644873, 6.3332152882106882, -2.382565347571302, 2.4200894394338799, -1.2265346713434322, -0.11263073641137103, -1.7050379434169047, 1.7218148762802239], [8.2707726411936857, 5.8984217600378441, 0.33143131399585429, 10.337976095118718, 10.061572245259438, 7.044484200871989, 6.657433115761684, 2.0285689975018406, 3.1358234325744041, 6.0652929308940768, -4.972772501375224, 11.294145113398175, 7.2374449028217729, 8.2680368709071761, 2.2722121184940498, 10.598703830479312, 7.4574009684845608, 4.5215970180796328, 2.1213394197329998, 2.9745084660044765, 2.4520060331825038, 4.0200274429552012, 4.0200274429552012, 1.0888473158423637, 8.6252161998366113, 8.7776553418757342, 10.807702842398028, 6.5681981230492186, 10.860131452768043, 0.99246883739440972, 1.8296739446888977, 4.9597937258668585, 25.079872407968907, -1.8146578480460926, 2.5009194388347988, 11.042797659366554, 3.5515660658182262, 11.444164229765539, -5.3277064647143666, 1.1511925474905607, -2.8660594942759201, 10.374254785624704, -4.4784790327349162, 0.45089066127720667], [3.4519101320291634, 5.9487011538430021, 0.93534928869969536, -3.52882216518065, -6.3582006042592782, 4.3419071708837258, 3.6740269161886583, 4.6266165730721314, 11.066784031533247, 5.9546705943854406, 9.4829980578480626, -5.5379061092432069, 2.4271591369934042, 3.7481914595284223, 3.0154998117895837, -1.2045380863115798, -4.8326755056203528, -1.9692284792315258, 4.7585430569552027, 3.8998269691205514, 3.7164962877358976, 0.5993745774171737, 0.5993745774171737, 1.8347666272055723, -0.18309162369838508, 0.42471459937911726, -5.0892855400637922, 4.9107253302475113, -4.5512338372456327, 1.3680724952459207, 1.3999622345190776, 2.9571012427083345, -1.8146578480460926, 20.71231517720798, 4.6865563499042295, -9.343055044716591, -0.31219437070367684, 2.611590127735179, 1.7442822790064312, 1.936344258381766, 5.601605207811744, -4.1685830664379404, -7.7254059040730416, 2.1178193759862558], [5.7830397001156717, 3.5055694367202048, 4.9277612494658731, 4.7300349724656714, 4.1815666834033927, 5.5195111114632489, 0, 3.4686391760758171, 3.316229568879848, 3.2736417735959042, 4.5255041552616468, 0.79648554310210928, 3.2133780897005337, 0.7762778295967373, 4.5155016384465352, 5.8755763371344711, 2.7193880002242588, 4.2484795532989823, 4.4658254112685949, 4.9302970119471512, 4.7720126654576109, 4.2092917288469582, 4.2092917288469582, 4.4339833739101708, 6.8584713951904277, 6.7776561697176687, 3.7480932558821261, 5.2965854924063072, 5.4490107281510038, 3.8445682871803948, 3.8624942325714704, 0, 2.5009194388347988, 4.6865563499042295, 15.033296378372908, 3.5739130803079795, 3.5739130803079795, 1.6109361029671152, 1.3436722911686871, 0.88530258552363239, 1.7708161564550933, 5.8992379599087439, -7.050530630509467, 0.56837124586745347], [4.3336006729080179, -4.7483820936767458, 11.356787520794402, 15.710555972617675, 16.803238658240552, 2.0966100982630174, -1.4220002178719218, 4.9031863329733829, -0.048447119649484838, 0.16429824307651253, -13.927546156244999, 18.632094479129968, 6.0817317662973416, -2.0728965109800419, 7.1047945718281182, 9.8413029189034624, 16.826674691358015, 13.674817827103093, -0.2170475369000123, 0.26619028264135752, 2.0754953250974819, 7.3104854292836761, 7.3104854292836761, 4.8854483546536853, 11.342097956317616, 10.166189682712034, 19.773975548026296, -2.7660038459364542, 16.26011403709014, 5.8145392639325379, 2.2924638851383259, 0.68576532074916741, 11.042797659366554, -9.343055044716591, 3.5739130803079795, 25.159491250818249, 11.491414190989053, 2.9013329634881733, 0.39564012287090061, -2.7211716029265824, -3.9429874622044903, 18.079491160785309, 7.0468407330160661, -0.16185904922108491], [5.127909027797342, 3.4608830487007207, 11.356787520794402, 7.2227255443880658, 8.0235630003362175, 2.2835101779595721, 0.15263020701901947, 5.8040848671535876, 1.2377677022793476, 1.6335891948112922, 0.074889130382726196, 7.9334818098491597, 7.3497618277395595, -1.4594453081988463, 6.9482734489040698, 6.4496415883191149, 9.5961128702580112, 9.6421654428489099, 3.3186207571298363, 1.1426803162134473, 1.8379211697033457, 3.4721919891448443, 3.4721919891448443, 4.4815682385671343, 8.43429967915473, 7.2217972207932561, 9.9905235333410634, -1.7086194028539492, 8.6139121797935676, 2.4778394206432433, 5.3368407856037763, 1.513625601644873, 3.5515660658182262, -0.31219437070367684, 3.5739130803079795, 11.491414190989053, 25.119713374160941, 1.2190689349245669, 5.1912716132745693, 3.9690423238692549, 4.989081279523135, 8.1268278629430011, 3.0074578395101161, 5.8643595389484036], [10.108511162972073, 9.426637166317489, 0.33078421700367211, 6.3269935760883529, 4.5739910554464176, 7.3250642527099714, 8.6280425745497826, 2.2935199594977616, 2.4368581996136607, 8.0444550393349346, -2.1999228323110613, 7.0093702660902304, 9.4637480201343678, 16.240355958640304, 2.3716905009352649, 6.7100124668370444, 2.6824138202489411, 1.2195006321112514, 2.7228389227458205, 2.5825833090859747, 2.5201933455923924, 1.8673032422089841, 1.8673032422089841, 0.012944266391354282, 3.5277741231813891, 4.0976780070091188, 2.9916836238155264, 8.7560001650471957, 6.5016599456722624, 0.049759483032262811, 4.2098236597942451, 6.3332152882106882, 11.444164229765539, 2.611590127735179, 1.6109361029671152, 2.9013329634881733, 1.2190689349245669, 25.03996805109783, -10.294461615990064, 4.6296067465309845, -0.40256066638641758, 4.3574832403869825, -7.4595607744873922, 4.3632516784601512], [-2.4560490826155954, -2.3131185957465727, 3.4959709137638675, -2.2513299101721387, -0.45295987685691597, 0.060765082145591835, -2.9706742374248658, 1.5556696174531743, 0.6397767582242625, -0.45701110412962132, 4.4103864366736554, -0.0040747896095014334, -0.31449053410674394, -7.0763631407202086, 1.7445667690278475, -1.2702415957542712, 0.096010877377358625, 2.3048541659505872, 1.9189416985197698, 0.64236998603566597, 1.1894873743849164, 0.67475481348241972, 0.67475481348241972, 2.7856282859357666, 2.3137835586152131, 1.5840890308591511, 1.4309248554275662, -4.5778846292430577, -2.5048858489068251, -0.020365409002473557, -3.1420281369636185, -2.382565347571302, -5.3277064647143666, 1.7442822790064312, 1.3436722911686871, 0.39564012287090061, 5.1912716132745693, -10.294461615990064, 25.119713374160941, 0.78145748130776971, 4.7277719895334611, -0.20958577884882751, 3.2399239434148286, -3.2471453252821636], [4.0979634576799038, 5.8966500556432138, 0.92099550087310877, 5.1407233542545505, -0.23268939920812887, 2.761271826963577, 1.8287887115009378, 1.6884505025201595, 0.37326902813296869, 3.0734694436547301, 2.3230699909458781, -0.36634859801156733, 3.9865488008911698, 4.4358971835519379, 0.57755774738868082, 3.1628393102543644, 2.8929057630953592, 2.4535659028137293, -0.61217397364023918, 0.0081784394323986456, 0.46133687794750411, 0.79321430304871143, 0.79321430304871143, 0.58662323343494149, 1.2287627630248945, 0.56451620437519623, -1.1442435628494099, 2.3156377975810218, 2.4431326309273129, -3.1378115930273247, 4.4317773131238853, 2.4200894394338799, 1.1511925474905607, 1.936344258381766, 0.88530258552363239, -2.7211716029265824, 3.9690423238692549, 4.6296067465309845, 0.78145748130776971, 25.159491250818249, -0.28322124148090616, -2.5438459848962234, -1.9254283177029183, 5.3075778473903803], [0.8117621989407493, 5.0378841163894261, 3.0485327571695353, -3.5211320116587426, -3.1742528889767341, 1.0465461420030988, 0.87638130919349899, 4.191946123838143, 3.2226285696146579, 4.162496912189618, 9.7572037503905307, -1.7717673322655443, 5.0034346239982206, 0.81430792392232754, 4.6409292377138636, -1.8801135110540579, -3.9588594546094957, -1.1947947028424462, 5.6596671795850781, 2.8248973322129585, 1.9952658155144085, 0.17031202079817775, 0.17031202079817775, 3.2894140415191337, 0.075109202992776736, 0.085897196342127211, -2.9905776558878538, -2.0332817747028313, -2.9266253593097677, -0.93824017578103658, 2.0762019460789172, -1.2265346713434322, -2.8660594942759201, 5.601605207811744, 1.7708161564550933, -3.9429874622044903, 4.989081279523135, -0.40256066638641758, 4.7277719895334611, -0.28322124148090616, 25.119713374160941, -2.4066138177965728, -0.59889357651961894, 2.5915348894715926], [5.964101751688264, -1.1861116185884704, 7.2088958009066326, 12.212514738788364, 14.571333875807575, 5.2408332724567224, -0.1512367883122524, 4.2249264429387257, 0.39684727398930636, 2.8475333028875127, -9.1315680799325669, 15.117776638905623, 5.7531497652503463, 0.017073698996787595, 6.7889232831827977, 10.954797460361606, 9.6745701357466061, 8.1837723273292902, -0.02921448980049083, 2.9750407238387981, 2.638450424704295, 7.501296444950996, 7.501296444950996, 6.6755434602104433, 12.869790733368033, 16.533343493408772, 15.584569849341531, 1.8385933326509285, 13.478350119595151, 6.528552929955775, 2.0955675420013491, -0.11263073641137103, 10.374254785624704, -4.1685830664379404, 5.8992379599087439, 18.079491160785309, 8.1268278629430011, 4.3574832403869825, -0.20958577884882751, -2.5438459848962234, -2.4066138177965728, 25.079872407968907, 0.94328225117915487, 0.14816236605313471], [-12.214993100273725, -9.4062976926803756, 1.799694389257219, -0.90272639442192992, 0.34297825985593156, -13.581253509235644, -4.495548251553771, -2.940561327024668, -3.7017707217252607, -4.5509770355006554, -9.3398460662550651, 3.602710180923109, -1.4597878549229717, -8.5239985106154066, -1.3350483902376329, -7.6506250478175026, 5.2186135337395472, 3.6071586599241465, -5.9906737114794453, -8.0521815260418244, -5.4276819144396491, 0.12263244913875863, 0.12263244913875863, -1.0688217395946555, -2.5487804617415684, -4.2911193839408082, 2.274861328107757, -18.656949955694191, -1.4734945999979308, 0.62860615251188667, 0.43415176373767767, -1.7050379434169047, -4.4784790327349162, -7.7254059040730416, -7.050530630509467, 7.0468407330160661, 3.0074578395101161, -7.4595607744873922, 3.2399239434148286, -1.9254283177029183, -0.59889357651961894, 0.94328225117915487, 25.03996805109783, 0.20309363658159388], [4.418566592840584, 5.9197825606015604, 5.3769053890395941, 3.2111993598744588, 0.66517238641242282, 1.6536354569541769, 1.5114589325158188, -0.39726098096459767, 1.0885683372402148, 2.0345060390674217, -2.1575359536386274, 0.5688799689331665, 3.4726540928248855, 2.0118427382715516, 4.606403368474254, 2.9570927894859356, 1.4272366351082544, 2.5106176667428284, 3.1544334547600128, -0.53786679930434911, 0.91965006208540379, 1.0063136117003699, 1.0063136117003699, 1.9507391590587553, 1.3684566528199957, 1.1080792966254918, -0.12228568238332885, 0.54469683343107278, 2.2449553111200378, -0.65998250782689094, 11.034521063973123, 1.7218148762802239, 0.45089066127720667, 2.1178193759862558, 0.56837124586745347, -0.16185904922108491, 5.8643595389484036, 4.3632516784601512, -3.2471453252821636, 5.3075778473903803, 2.5915348894715926, 0.14816236605313471, 0.20309363658159388, 25.119713374160941]]