['ComsxFac', 'ExAggFan', 'ExAggbeh', 'Exhibit', 'Fetish', 'HypSxRat', 'Inhadhd', 'JuvDelFc', 'JuvDrgFc', 'JuvaslFc', 'Masadeq', 'PAAgFan', 'PAFght', 'PAcnang', 'PCD', 'ParaRat', 'Pnchldad', 'Pnchldjv', 'Pnearex', 'Pnheter', 'Pnhomo', 'Pnvio', 'Pnvioad', 'Pnviojv', 'Sadbehr', 'Sadtot', 'Scatol', 'SxPrFAC', 'Voyeur', 'age', 'anxwom', 'attadhd', 'conchr', 'dralcadu', 'erecdys', 'genderversion', 'hoswom', 'impul', 'lkemp', 'lkprtkg', 'negmas', 'sadfanr', 'sxdeny', 'sxperanx']
[[1.0000000000000002, 0.48714492730746939, 0.13885821970633921, 0.36687137857891439, 0.41377790551216265, 0.72598710807369482, 0.17432294661196518, 0.046390326306471073, 0.24919901509715131, 0.19862560655733039, 0.018205753927944913, 0.34655482400398213, 0.24530910044779819, 0.35535291221218329, 0.45696504869050836, 0.5688560666961795, 0.087783402583107878, 0.094906284968261659, 0.21583502041682437, 0.29827093999284643, 0.17623975868707797, 0.14488460444128312, 0.14488460444128312, 0.076037809968111894, 0.37732703328196654, 0.40301495131760257, 0.28409281588723773, 0.65366369056050677, 0.48384425969770462, 0.10120384809322849, 0.28642604902086566, 0.18658036798541944, 0.31840310559376794, 0.1431298106245181, 0.30152157089620846, 0, 0.32710689410124599, 0.51268992292903715, -0.25204287348833615, 0.0010318720676334892, 0.076358246446199873, 0.35351822618801509, -0.4718932050968262, 0.27151873502478513], [0.48714492730746939, 1.0000000000000002, 0.19082027168862309, 0.25276263595138526, 0.31066973701500655, 0.40259721874080012, 0.12815676750292307, 0.051120691876410336, 0.11235333303327137, 0.22310019014802834, 0.038379864206004852, 0.42755892247483684, 0.30909977702919411, 0.38798056548079762, 0.46893770692947279, 0.40210199324560081, 0.16336966358920949, 0.095490563972263146, 0.15581025913720672, 0.13907137086387514, 0.048340260242021642, 0.06028294351470645, 0.06028294351470645, 0.00085695415590926222, 0.39970707043502129, 0.43519466173097016, 0.18311809469860549, 0.38582238514673467, 0.35107185734375662, -0.035585625217363075, 0.35697762605493549, 0.18214303968158752, 0.26669823176865359, 0.11238774679244859, 0.27124545264209005, 0, 0.37427089882858872, 0.42810335676746691, -0.16667304905759323, 0.16545720933480715, 0.068300828920210249, 0.40005635913213511, -0.30723683513041478, 0.22996141532922298], [0.13885821970633921, 0.19082027168862309, 1.0000000000000002, 0.14349974755540915, 0.10938011222939741, 0.12610854718560882, 0.058890996278065551, -0.030495727414700035, 0.073363060262450402, 0.059920319719263399, 0.059161773631180685, 0.12252417596104473, 0.10502813863913124, 0.0015356470651303391, 0.17713812443991447, 0.17276585375049047, 0.36426966862566595, -0.022540424612931688, -0.04061169894864617, -0.053862243814310748, -0.062895650252423052, 0.043955632057953865, 0.043955632057953865, 0.065016584651057446, 0.2949404067729558, 0.27053593068483928, 0.20972375285955566, 0.035943033454614318, 0.11690636030336786, -0.017963189727689063, -0.023221019805918168, 0.050934952272807817, 0.088157960830526919, 0.033558167511448689, 0.018185467355759134, 0, 0.21847206497498142, 0.018065672173419332, 0.05835978318111365, 0.081741132985148041, 0.064198505619945778, 0.18116099051921089, 0.014495249188323282, 0.021133565144714407], [0.36687137857891439, 0.25276263595138526, 0.14349974755540915, 1.0000000000000002, 0.32388167637076198, 0.30085533144938009, 0.1578212579790878, 0.10395639070871175, 0.28011868144060542, 0.15917164789022584, 0.073117567361280736, 0.19796663109266377, 0.21513533871166135, 0.14443974070110421, 0.2803569575839609, 0.73457947196600093, 0.15737163974235729, 0.091315286302202633, 0.11797361297980595, 0.19161769251398383, 0.12847856635121491, 0.1330986966022519, 0.1330986966022519, 0.1334099914209822, 0.33522420211363363, 0.34115456862528454, 0.23328519398664227, 0.30200886208925731, 0.39458713910530119, 0.036514848887977541, 0.086924198807885406, 0.12210367514706204, 0.25681418645251752, 0.18479451767073704, 0.29153132248035846, 0, 0.13524652196856013, 0.25715401519276265, -0.090125011281764755, 0.012613595888818805, 0.071412574075963076, 0.28630827209663512, -0.29489569604186833, 0.09577918809778499], [0.41377790551216265, 0.31066973701500655, 0.10938011222939741, 0.32388167637076198, 1.0, 0.35931964100453428, 0.19259785741993757, 0.054373308494102456, 0.10773546586574675, 0.11177319351836339, 0.082897591542688859, 0.22865363729916549, 0.12115344806198949, 0.22973604663904679, 0.23191898409602599, 0.72600472078565981, 0.10258707243232787, 0.098733535631255809, 0.019597804653857957, 0.13106485647342531, 0.091154864748540329, 0.072046340742522141, 0.072046340742522141, 0.01809756732338319, 0.26403428504347676, 0.29187297489050285, 0.20151591709499517, 0.31357507934581091, 0.41736273496826387, 0.057183319648123912, 0.18276224839382874, 0.2017109301119375, 0.20989563587965057, 0.014925590340199276, 0.28272582877663271, 0, 0.14790013786490674, 0.32848584473236697, -0.21929798890567681, 0.042092615553045741, 0.027230875872047578, 0.27047862755776941, -0.29061520152697751, 0.14505413620159208], [0.72598710807369482, 0.40259721874080012, 0.12610854718560882, 0.30085533144938009, 0.35931964100453428, 1.0, 0.12634069506369058, -0.056280401251274474, 0.10493380157816838, 0.11100035480536691, -0.0062556234501406384, 0.32696525240552599, 0.21147703155499842, 0.30818046394024279, 0.39025116957464784, 0.48816361203635783, 0.11268376905194945, 0.13370242923117348, 0.13675440733621685, 0.40212756492594837, 0.19342980439111371, 0.19648333725974018, 0.19648333725974018, 0.12409085044004599, 0.33595749639032318, 0.36361990644684927, 0.20467347082088141, 0.60208327112295279, 0.45094758926759715, 0.072904378334858078, 0.30661184599613561, 0.12172038468242873, 0.26475776950688679, 0.019501198845674386, 0.30097774789723036, 0, 0.27623147588015484, 0.38293374268031372, -0.2572883462032865, 0.028088431145896608, 0.033700444203876953, 0.33269805008432846, -0.47811038990536592, 0.23322241262763008], [0.17432294661196518, 0.12815676750292307, 0.058890996278065551, 0.1578212579790878, 0.19259785741993757, 0.12634069506369058, 1.0, 0.60117696776414475, 0.56580571525044221, 0.45167384535313276, 0.0064095594844845154, 0.23745132601165592, 0.27473463402295112, 0.35752271368308458, 0, 0.19838370213969403, 0.051277071023080989, 0.052905156488347253, 0.084858569502383824, 0.18885427992664153, 0.024964388669451602, 0.054048365566708716, 0.054048365566708716, 0.15159165781490749, 0.06364102353373377, 0.10808551709901693, 0.11854157266036061, 0.24926394841703572, 0.094811573428122603, 0.019447804629986146, 0.039861696861611715, 0.64586462318727345, 0.34274144393611122, 0.17731384861732563, 0.26098058937134655, 0, -0.039669121480524899, 0.41187937129342256, -0.067941169635976975, 0.039579337326742438, 0.013889121487488505, 0.15296175216492863, -0.23124621067058226, 0.057412503903577529], [0.046390326306471073, 0.051120691876410336, -0.030495727414700035, 0.10395639070871175, 0.054373308494102456, -0.056280401251274474, 0.60117696776414475, 0.99999999999999989, 0.27882292277069404, 0.3648385717458057, 0.099324191112497864, 0.077104016331864894, 0.26817695301872535, 0.038713878181392665, 0.036045666851820285, 0.080469305709696057, -0.0051549156974046656, 0.027339930285894706, 0.14853674336924783, 0.022449991733185959, 0.01702342508734277, -0.013255379604479395, -0.013255379604479395, -0.051903103634380672, 0.081066391747250305, 0.083453281049951381, 0.19137052404754021, 0.022698508940535354, -0.01358623811428084, 0.00073480671270948286, -0.066133158583527876, 0.33493563496308681, 0.14215972710914038, 0.38119522727056798, 0.072539237381136462, 0, 0.12419172217785839, 0.16159505419742437, 0.062822398689578049, -0.044172845178256571, 0.31096981264309792, 0.063706365831446246, -0.11528374753301403, -0.026608123895044345], [0.24919901509715131, 0.11235333303327137, 0.073363060262450402, 0.28011868144060542, 0.10773546586574675, 0.10493380157816838, 0.56580571525044221, 0.27882292277069404, 1.0, 0.35497634342181128, 0.13889808398223627, 0.064566271052625079, 0.26154895957726515, 0.15125666694093792, 0.14668503606828145, 0.27864404820886146, 0.10903441249348919, -0.010633789253091778, 0.26313234270547825, 0.13945820902203526, -0.019064518477745686, -0.018809290323694407, -0.018809290323694407, -0.010658328547211092, 0.075203468676962815, 0.13533944323876068, 0.22117814335794689, 0.22011678599854548, 0.16235188821307486, 0.038460737229316935, -0.12058731688534617, 0.37215959567063517, 0.17896934371152837, 0.68428268625876698, 0.10827996919925266, 0, -0.023474662425035514, 0.21046372398448035, 0.035416102698930627, 0.022014793155382611, 0.22296288133400749, 0.18591352617073009, -0.18208048265934806, 0.022296891013881801], [0.19862560655733039, 0.22310019014802834, 0.059920319719263399, 0.15917164789022584, 0.11177319351836339, 0.11100035480536691, 0.45167384535313276, 0.3648385717458057, 0.35497634342181128, 1.0, 0.16996148901925143, 0.26243869238712403, 0.53124137822508932, 0.33671823539009799, 0.074787907844957313, 0.18796786224311957, 0.034253174084116433, 0.004233182687694563, 0.18847118983192629, 0.14487613904864208, 0.092228836828682229, 0.027187644433588166, 0.027187644433588166, -0.036904214526287366, 0.12642982009285039, 0.1357924500528552, 0.18723623321266941, 0.20592032093967647, 0.12885423661493603, 0.067322590196609855, 0.034495709954276178, 0.41799098374678684, 0.34100178511294121, 0.39041341259545603, 0.15337965700803435, 0, 0.1427973628038143, 0.3270270725233187, 0.050853469918482407, 0.047973879640958478, 0.34696144930855138, 0.12607460283817923, -0.20198642811311532, 0.091424565567671826], [0.018205753927944913, 0.038379864206004852, 0.059161773631180685, 0.073117567361280736, 0.082897591542688859, -0.0062556234501406384, 0.0064095594844845154, 0.099324191112497864, 0.13889808398223627, 0.16996148901925143, 1.0, -0.008949857024782194, 0.32331304108055037, 0.064282278219334271, 0.070409543097253072, 0.052073178943571143, -0.0012436549433530147, -0.043772955541106447, 0.089067364751849037, 0.06816935239784129, -0.091642378823476825, -0.016485592376902072, -0.016485592376902072, -0.024630821904365101, 0.11374361506501864, 0.11243904166308069, 0.046769557350893595, 0.099705389488681462, 0.012085520712072665, 0.027539486727762307, -0.27939525551808303, -0.03093278154003657, 0.18689623390454671, 0.1784516762041462, 0.03021805721233168, 0, 0.14144705714317063, -0.015582701222225638, 0.093573628528175815, -0.067850154769373089, 0.42624178465106966, 0.082014679313965971, -0.13400401515631527, -0.27512934375504139], [0.34655482400398213, 0.42755892247483684, 0.12252417596104473, 0.19796663109266377, 0.22865363729916549, 0.32696525240552599, 0.23745132601165592, 0.077104016331864894, 0.064566271052625079, 0.26243869238712403, -0.008949857024782194, 1.0000000000000002, 0.46278611374961026, 0.43361474903060016, 0.33638101575675905, 0.346616712915081, 0.060106885799129262, -0.046330685321068259, 0.029315271835410096, 0.074727103952634114, 0.086915054546606488, 0.0041741203745276007, 0.0041741203745276007, -0.11046746014741685, 0.30137055885731767, 0.37617055048157311, 0.2197347959843835, 0.3211295413548963, 0.31856220427114612, -0.045109026356179124, 0.19837349494248135, 0.30817353540503539, 0.30891130831798025, 0.022733070387776097, 0.11691872234934539, 0, 0.14529436523700484, 0.40754568495069005, -0.1214302530717716, 0.10314752376215851, 0.12614533137120101, 0.40191848108324313, -0.28228283698058726, 0.095244802996262631], [0.24530910044779819, 0.30909977702919411, 0.10502813863913124, 0.21513533871166135, 0.12115344806198949, 0.21147703155499842, 0.27473463402295112, 0.26817695301872535, 0.26154895957726515, 0.53124137822508932, 0.32331304108055037, 0.46278611374961026, 1.0, 0.46502224874328435, 0.22036138313585241, 0.22824054515725664, 0.012362370748968704, -0.022400133687778247, 0.089310525175235703, 0.094203253791712876, -0.028440465885546079, -0.00021572163659148684, -0.00021572163659148684, -0.070747115669850216, 0.26718795801044976, 0.27947589733619665, 0.20810477743695283, 0.27674395940415714, 0.14942120499939371, -0.031612911588170999, -0.031465334568391283, 0.26418454614739695, 0.36513607798657716, 0.29159448730753434, 0.13206260132462769, 0, 0.20340658797678648, 0.38117706785626321, -0.007719292635753521, 0.090619168514209342, 0.48246006340033831, 0.24258158777717165, -0.2579306037992003, 0.064663464707638854], [0.35535291221218329, 0.38798056548079762, 0.0015356470651303391, 0.14443974070110421, 0.22973604663904679, 0.30818046394024279, 0.35752271368308458, 0.038713878181392665, 0.15125666694093792, 0.33671823539009799, 0.064282278219334271, 0.43361474903060016, 0.46502224874328435, 1.0, 0.2888585338689218, 0.29366015646039095, -0.022842088309896487, -0.030842803933419729, 0.080079960445262263, 0.2191662898116947, 0.032863979519694768, -0.011841081138975255, -0.011841081138975255, -0.078927442465378403, 0.13841036943586232, 0.17322695592409526, 0.16843086402268889, 0.47790131161829152, 0.26364479721363177, -0.041029536348725054, 0.24984760977126802, 0.34767085549691745, 0.41459746766958244, 0.20939460159639703, 0.1946913088045332, 0, 0.080602473261031524, 0.67995421159339919, -0.30926415001214574, 0.11632023701829969, 0.21484600475752852, 0.18593899017778245, -0.38553481914549231, 0.19695496260706979], [0.45696504869050836, 0.46893770692947279, 0.17713812443991447, 0.2803569575839609, 0.23191898409602599, 0.39025116957464784, 0, 0.036045666851820285, 0.14668503606828145, 0.074787907844957313, 0.070409543097253072, 0.33638101575675905, 0.22036138313585241, 0.2888585338689218, 1.0, 0.44268503738561205, 0.0048775023908301587, 0.0081116968548612875, 0.17832908293448069, 0.32872001638557546, 0.18567417386002893, 0.25596060349449384, 0.25596060349449384, 0.23295646089062569, 0.7765386479294375, 0.75800152485858641, 0.35081388474416808, 0.3635251394703739, 0.41152347079366619, 0.044791552334165638, 0.25835779684498783, 0, 0.29833435371297079, 0.09464988187940121, 0.24305055636194928, 0, 0.37080280972872764, 0.32189483203934083, -0.15281913011822365, 0.020517978863498595, 0.14174326707187432, 0.56487269048932309, -0.38374360419033515, 0.24531128763736562], [0.5688560666961795, 0.40210199324560081, 0.17276585375049047, 0.73457947196600093, 0.72600472078565981, 0.48816361203635783, 0.19838370213969403, 0.080469305709696057, 0.27864404820886146, 0.18796786224311957, 0.052073178943571143, 0.346616712915081, 0.22824054515725664, 0.29366015646039095, 0.44268503738561205, 1.0000000000000002, 0.17695591743396241, 0.096362381889358764, 0.11568318130305796, 0.28079635723683594, 0.18837392908217615, 0.094302298287336439, 0.094302298287336439, 0.025528662938458964, 0.41578322061078921, 0.4599924018644071, 0.41166475611717679, 0.48201337565920305, 0.78307950701890228, 0.078736001736683145, 0.21990599444092851, 0.23968942988181477, 0.30130372809417505, 0.13741050253507009, 0.36261582419638727, 0, 0.18836401787997434, 0.44545741496371921, -0.23407370444817874, 0.046565505437521512, 0.048323957209987653, 0.42672602403165233, -0.47099092627967809, 0.19237411805706917], [0.087783402583107878, 0.16336966358920949, 0.36426966862566595, 0.15737163974235729, 0.10258707243232787, 0.11268376905194945, 0.051277071023080989, -0.0051549156974046656, 0.10903441249348919, 0.034253174084116433, -0.0012436549433530147, 0.060106885799129262, 0.012362370748968704, -0.022842088309896487, 0.0048775023908301587, 0.17695591743396241, 1.0, 0.90261868339747175, 0.065664007078086978, 0.089818099860512493, 0.20968820310433767, 0.083139498740076825, 0.083139498740076825, 0.089700149937734994, 0.12692026253158981, 0.16384691321172704, 0.14730237784212802, 0.044222235985456181, 0.11946331336762184, 0.059121032305354614, 0.094829830137814278, 0.068957787506491869, 0.019207964749453788, 0.027567394394673393, 0.15238366868917252, 0, 0.0078331962905047615, 0.058850869637111641, -0.041226173530765645, 0.024506761549299993, -0.070973843363548617, 0.1768342859907362, -0.087872035684983404, 0.062815566278439205], [0.094906284968261659, 0.095490563972263146, -0.022540424612931688, 0.091315286302202633, 0.098733535631255809, 0.13370242923117348, 0.052905156488347253, 0.027339930285894706, -0.010633789253091778, 0.004233182687694563, -0.043772955541106447, -0.046330685321068259, -0.022400133687778247, -0.030842803933419729, 0.0081116968548612875, 0.096362381889358764, 0.90261868339747175, 1.0, 0.093245253506100773, 0.1561916434105636, 0.27376399312297378, 0.10332504286900346, 0.10332504286900346, 0.11168639591057017, 0.056072522726292783, 0.073711490618633774, 0.063328526395813267, 0.065178279180029372, 0.022230916274187298, 0.097092791466193776, 0.094779620508845086, 0.0032373474887199133, 0.035964047098821839, 0.012465952884756788, 0.1960793917168131, 0, -0.014602945364835328, 0.03446642784574467, -0.077473112076226855, -0.028519162500332956, -0.12318174619125968, 0.07470994528915921, -0.13678693011638482, 0.090242387222466622], [0.21583502041682437, 0.15581025913720672, -0.04061169894864617, 0.11797361297980595, 0.019597804653857957, 0.13675440733621685, 0.084858569502383824, 0.14853674336924783, 0.26313234270547825, 0.18847118983192629, 0.089067364751849037, 0.029315271835410096, 0.089310525175235703, 0.080079960445262263, 0.17832908293448069, 0.11568318130305796, 0.065664007078086978, 0.093245253506100773, 1.0, 0.41069084563346064, 0.34519261343627489, 0.32038303063434487, 0.32038303063434487, 0.38864950423553524, 0.10325014384707482, 0.12174438269827816, 0.105580433247141, 0.25949633347197476, 0.13650209629833085, 0.044880734951219206, 0.034670378188328008, 0.10389043114784233, 0.1439697660162691, 0.17934549666688712, 0.16027340475826266, 0, 0.042480609853068708, 0.081720622837277851, -0.081782136744553049, -0.094207837842557873, 0.097052573330361991, 0.11642739023121843, -0.28167086022297311, 0.10462784004934499], [0.29827093999284643, 0.13907137086387514, -0.053862243814310748, 0.19161769251398383, 0.13106485647342531, 0.40212756492594837, 0.18885427992664153, 0.022449991733185959, 0.13945820902203526, 0.14487613904864208, 0.06816935239784129, 0.074727103952634114, 0.094203253791712876, 0.2191662898116947, 0.32872001638557546, 0.28079635723683594, 0.089818099860512493, 0.1561916434105636, 0.41069084563346064, 1.0000000000000002, 0.30278406071453223, 0.24053713519098857, 0.24053713519098857, 0.16364963883010891, 0.19776093363723724, 0.220663384062498, 0.14492833549857836, 0.49847553742441819, 0.29467012310009438, 0.13312154825250452, 0.13769228479017087, 0.21443807227144449, 0.13612232920329934, 0.22876787552104647, 0.30004272328551368, 0, 0.063057277633577422, 0.20201129245508553, -0.16925029387287699, -0.063142382253473531, 0.046418855150808402, 0.21479553091421702, -0.4884408532362487, 0.10651035839868286], [0.17623975868707797, 0.048340260242021642, -0.062895650252423052, 0.12847856635121491, 0.091154864748540329, 0.19342980439111371, 0.024964388669451602, 0.01702342508734277, -0.019064518477745686, 0.092228836828682229, -0.091642378823476825, 0.086915054546606488, -0.028440465885546079, 0.032863979519694768, 0.18567417386002893, 0.18837392908217615, 0.20968820310433767, 0.27376399312297378, 0.34519261343627489, 0.30278406071453223, 1.0, 0.27412261479651218, 0.27412261479651218, 0.25130747918635493, 0.11416604791353625, 0.1234812002185363, 0.035459615165163251, 0.16629871035464189, 0.21733070399620011, 0.07445283710389157, 0.075987562173154249, 0.028847168186147555, 0.11756536736948843, -0.077654433393624142, 0.24048726540530041, 0, -0.07982166974422733, 0.11412699070563631, -0.19907680243805911, -0.062814262263842791, -0.054418429703450559, 0.12233350650860202, -0.25315945040507148, 0.066806673968426308], [0.14488460444128312, 0.06028294351470645, 0.043955632057953865, 0.1330986966022519, 0.072046340742522141, 0.19648333725974018, 0.054048365566708716, -0.013255379604479395, -0.018809290323694407, 0.027187644433588166, -0.016485592376902072, 0.0041741203745276007, -0.00021572163659148684, -0.011841081138975255, 0.25596060349449384, 0.094302298287336439, 0.083139498740076825, 0.10332504286900346, 0.32038303063434487, 0.24053713519098857, 0.27412261479651218, 1.0, 1.0, 0.95124881157818897, 0.18626761287055929, 0.18864281864813318, -0.012991790887592846, 0.10197038170315124, 0.065306621812622256, 0.081752427957648019, 0.10757514655280095, 0.09594212128722325, 0.069486959481141475, -0.048387592915263261, 0.16242626061374235, 0, 0.020711704469001974, -0.013431775542066392, -0.10464408657903135, -0.016300062232770605, 0.010524081400009024, 0.16595475815963687, -0.14845351104523036, 0.069894573493319956], [0.14488460444128312, 0.06028294351470645, 0.043955632057953865, 0.1330986966022519, 0.072046340742522141, 0.19648333725974018, 0.054048365566708716, -0.013255379604479395, -0.018809290323694407, 0.027187644433588166, -0.016485592376902072, 0.0041741203745276007, -0.00021572163659148684, -0.011841081138975255, 0.25596060349449384, 0.094302298287336439, 0.083139498740076825, 0.10332504286900346, 0.32038303063434487, 0.24053713519098857, 0.27412261479651218, 1.0, 1.0, 0.95124881157818897, 0.18626761287055929, 0.18864281864813318, -0.012991790887592846, 0.10197038170315124, 0.065306621812622256, 0.081752427957648019, 0.10757514655280095, 0.09594212128722325, 0.069486959481141475, -0.048387592915263261, 0.16242626061374235, 0, 0.020711704469001974, -0.013431775542066392, -0.10464408657903135, -0.016300062232770605, 0.010524081400009024, 0.16595475815963687, -0.14845351104523036, 0.069894573493319956], [0.076037809968111894, 0.00085695415590926222, 0.065016584651057446, 0.1334099914209822, 0.01809756732338319, 0.12409085044004599, 0.15159165781490749, -0.051903103634380672, -0.010658328547211092, -0.036904214526287366, -0.024630821904365101, -0.11046746014741685, -0.070747115669850216, -0.078927442465378403, 0.23295646089062569, 0.025528662938458964, 0.089700149937734994, 0.11168639591057017, 0.38864950423553524, 0.16364963883010891, 0.25130747918635493, 0.95124881157818897, 0.95124881157818897, 1.0, 0.077527453267168506, 0.068261506083571441, -0.063389546945280872, 0.0068104616778870124, -0.029984858062736534, 0.060864678324829315, 0.088020291784117105, 0.15026541533144361, 0.047285468853252945, -0.049161575219520602, 0.14894707093226239, 0, -0.013195269868010614, -0.065125154859704174, -0.09235637261009115, -0.016907574935533236, -0.026831697515040262, 0.054769552231389608, -0.075965067927487542, 0.020615892763589466], [0.37732703328196654, 0.39970707043502129, 0.2949404067729558, 0.33522420211363363, 0.26403428504347676, 0.33595749639032318, 0.06364102353373377, 0.081066391747250305, 0.075203468676962815, 0.12642982009285039, 0.11374361506501864, 0.30137055885731767, 0.26718795801044976, 0.13841036943586232, 0.7765386479294375, 0.41578322061078921, 0.12692026253158981, 0.056072522726292783, 0.10325014384707482, 0.19776093363723724, 0.11416604791353625, 0.18626761287055929, 0.18626761287055929, 0.077527453267168506, 1.0, 0.93472286546070449, 0.23766224060069599, 0.29710738772372314, 0.36516071710591108, 0.036821185448136277, 0.041336539888346527, 0.060653644971895147, 0.25088629003960244, 0.050537140301541633, 0.24717412410245804, 0, 0.26486142517851519, 0.2189519233885362, -0.031335239075036651, 0.0021930793879483259, 0.15303636763038392, 0.66432436299378927, -0.3605871884488665, 0.12168706593174961], [0.40301495131760257, 0.43519466173097016, 0.27053593068483928, 0.34115456862528454, 0.29187297489050285, 0.36361990644684927, 0.10808551709901693, 0.083453281049951381, 0.13533944323876068, 0.1357924500528552, 0.11243904166308069, 0.37617055048157311, 0.27947589733619665, 0.17322695592409526, 0.75800152485858641, 0.4599924018644071, 0.16384691321172704, 0.073711490618633774, 0.12174438269827816, 0.220663384062498, 0.1234812002185363, 0.18864281864813318, 0.18864281864813318, 0.068261506083571441, 0.93472286546070449, 1.0, 0.24097725514243565, 0.34968796689339038, 0.42495222864200283, 0.029668001578982375, 0.061062046068814213, 0.11772398001970329, 0.29155622405170001, 0.057520328196472424, 0.22104657869749186, 0, 0.27030121649917299, 0.2515461695939224, -0.026973841200940513, 0.011991764940431441, 0.11702180438384109, 0.88359348516567771, -0.39287299970038431, 0.10544643098309528], [0.28409281588723773, 0.18311809469860549, 0.20972375285955566, 0.23328519398664227, 0.20151591709499517, 0.20467347082088141, 0.11854157266036061, 0.19137052404754021, 0.22117814335794689, 0.18723623321266941, 0.046769557350893595, 0.2197347959843835, 0.20810477743695283, 0.16843086402268889, 0.35081388474416808, 0.41166475611717679, 0.14730237784212802, 0.063328526395813267, 0.105580433247141, 0.14492833549857836, 0.035459615165163251, -0.012991790887592846, -0.012991790887592846, -0.063389546945280872, 0.23766224060069599, 0.24097725514243565, 1.0, 0.26690738393704233, 0.23136484460726051, 0.013732581208483247, 0.073599025868844245, 0.17312006812952671, 0.21926629898918717, 0.21238912868297372, 0.10880377789037673, 0, 0.16057540130429662, 0.22699633815295203, -0.004798664848703167, -0.00081861094411123678, 0.080235871158756272, 0.18740644319427205, -0.20568942399020629, 0.058919991208835391], [0.65366369056050677, 0.38582238514673467, 0.035943033454614318, 0.30200886208925731, 0.31357507934581091, 0.60208327112295279, 0.24926394841703572, 0.022698508940535354, 0.22011678599854548, 0.20592032093967647, 0.099705389488681462, 0.3211295413548963, 0.27674395940415714, 0.47790131161829152, 0.3635251394703739, 0.48201337565920305, 0.044222235985456181, 0.065178279180029372, 0.25949633347197476, 0.49847553742441819, 0.16629871035464189, 0.10197038170315124, 0.10197038170315124, 0.0068104616778870124, 0.29710738772372314, 0.34968796689339038, 0.26690738393704233, 1.0, 0.44121090284797387, 0.13737694269315689, 0.23436475278983868, 0.32698587210277158, 0.31834450936122988, 0.26922062069907055, 0.34998871673752846, 0, 0.16536841427258733, 0.50946624359217374, -0.31032974188254109, -0.041364294530470719, 0.10420971352181382, 0.34753233796410204, -0.6852180213177641, 0.18779828128322198], [0.48384425969770462, 0.35107185734375662, 0.11690636030336786, 0.39458713910530119, 0.41736273496826387, 0.45094758926759715, 0.094811573428122603, -0.01358623811428084, 0.16235188821307486, 0.12885423661493603, 0.012085520712072665, 0.31856220427114612, 0.14942120499939371, 0.26364479721363177, 0.41152347079366619, 0.78307950701890228, 0.11946331336762184, 0.022230916274187298, 0.13650209629833085, 0.29467012310009438, 0.21733070399620011, 0.065306621812622256, 0.065306621812622256, -0.029984858062736534, 0.36516071710591108, 0.42495222864200283, 0.23136484460726051, 0.44121090284797387, 1.0, 0.068594431309595, 0.23869628334340021, 0.20053168778719052, 0.20415779044113661, 0.024172108301108504, 0.23526174447652365, 0, 0.14677500786120293, 0.38486299757130543, -0.24024691215701047, 0.06343518356284035, -0.00097838173255411151, 0.41713132962580951, -0.48120686793414708, 0.16771817224068875], [0.10120384809322849, -0.035585625217363075, -0.017963189727689063, 0.036514848887977541, 0.057183319648123912, 0.072904378334858078, 0.019447804629986146, 0.00073480671270948286, 0.038460737229316935, 0.067322590196609855, 0.027539486727762307, -0.045109026356179124, -0.031612911588170999, -0.041029536348725054, 0.044791552334165638, 0.078736001736683145, 0.059121032305354614, 0.097092791466193776, 0.044880734951219206, 0.13312154825250452, 0.07445283710389157, 0.081752427957648019, 0.081752427957648019, 0.060864678324829315, 0.036821185448136277, 0.029668001578982375, 0.013732581208483247, 0.13737694269315689, 0.068594431309595, 1.0, -0.062688171438773602, 0.0396054742451016, -0.081639659468530593, 0.062177937962147142, 0.19088440278466531, 0, -0.10327428136039231, -0.016908579992217728, -0.053947930447784037, -0.18572380066786021, -0.0052835107450668302, 0.014819182585372357, -0.15568554654775177, 0.025914985948351892], [0.28642604902086566, 0.35697762605493549, -0.023221019805918168, 0.086924198807885406, 0.18276224839382874, 0.30661184599613561, 0.039861696861611715, -0.066133158583527876, -0.12058731688534617, 0.034495709954276178, -0.27939525551808303, 0.19837349494248135, -0.031465334568391283, 0.24984760977126802, 0.25835779684498783, 0.21990599444092851, 0.094829830137814278, 0.094779620508845086, 0.034670378188328008, 0.13769228479017087, 0.075987562173154249, 0.10757514655280095, 0.10757514655280095, 0.088020291784117105, 0.041336539888346527, 0.061062046068814213, 0.073599025868844245, 0.23436475278983868, 0.23869628334340021, -0.062688171438773602, 1.0, 0.18686571485759987, 0.093352148275771665, -0.11572365656240979, 0.18143365410299883, 0, 0.11797907463224239, 0.32008916597175108, -0.34160269256716652, 0.064241374946490348, -0.15494531026699329, 0.086078953305355907, -0.14265320809591081, 0.41511715086389289], [0.18658036798541944, 0.18214303968158752, 0.050934952272807817, 0.12210367514706204, 0.2017109301119375, 0.12172038468242873, 0.64586462318727345, 0.33493563496308681, 0.37215959567063517, 0.41799098374678684, -0.03093278154003657, 0.30817353540503539, 0.26418454614739695, 0.34767085549691745, 0, 0.23968942988181477, 0.068957787506491869, 0.0032373474887199133, 0.10389043114784233, 0.21443807227144449, 0.028847168186147555, 0.09594212128722325, 0.09594212128722325, 0.15026541533144361, 0.060653644971895147, 0.11772398001970329, 0.17312006812952671, 0.32698587210277158, 0.20053168778719052, 0.0396054742451016, 0.18686571485759987, 1.0, 0.25035710369190378, 0.19523468880062961, 0.2479654017835137, 0, -0.010011468135808842, 0.46006081333724552, -0.18327040497186164, 0.076645124279931351, -0.033585678236917486, 0.17760856581099685, -0.26444954183016334, 0.14507277227428667], [0.31840310559376794, 0.26669823176865359, 0.088157960830526919, 0.25681418645251752, 0.20989563587965057, 0.26475776950688679, 0.34274144393611122, 0.14215972710914038, 0.17896934371152837, 0.34100178511294121, 0.18689623390454671, 0.30891130831798025, 0.36513607798657716, 0.41459746766958244, 0.29833435371297079, 0.30130372809417505, 0.019207964749453788, 0.035964047098821839, 0.1439697660162691, 0.13612232920329934, 0.11756536736948843, 0.069486959481141475, 0.069486959481141475, 0.047285468853252945, 0.25088629003960244, 0.29155622405170001, 0.21926629898918717, 0.31834450936122988, 0.20415779044113661, -0.081639659468530593, 0.093352148275771665, 0.25035710369190378, 1.0, 0.20899373959697096, 0.18013295850282107, 0, 0.16430660859061155, 0.44687509490539473, -0.1003517303967814, 0.021549466331031303, 0.15810766258086278, 0.28138282103491546, -0.29072092956271456, 0.054870902928337295], [0.1431298106245181, 0.11238774679244859, 0.033558167511448689, 0.18479451767073704, 0.014925590340199276, 0.019501198845674386, 0.17731384861732563, 0.38119522727056798, 0.68428268625876698, 0.39041341259545603, 0.1784516762041462, 0.022733070387776097, 0.29159448730753434, 0.20939460159639703, 0.09464988187940121, 0.13741050253507009, 0.027567394394673393, 0.012465952884756788, 0.17934549666688712, 0.22876787552104647, -0.077654433393624142, -0.048387592915263261, -0.048387592915263261, -0.049161575219520602, 0.050537140301541633, 0.057520328196472424, 0.21238912868297372, 0.26922062069907055, 0.024172108301108504, 0.062177937962147142, -0.11572365656240979, 0.19523468880062961, 0.20899373959697096, 1.0, 0.21785935476477997, 0, 0.13761431827492165, 0.21991277811967044, 0.12808945794075627, 0.038876974317163811, 0.30216675013423538, 0.051778588329259009, -0.22110541376912843, 0.049797297336212756], [0.30152157089620846, 0.27124545264209005, 0.018185467355759134, 0.29153132248035846, 0.28272582877663271, 0.30097774789723036, 0.26098058937134655, 0.072539237381136462, 0.10827996919925266, 0.15337965700803435, 0.03021805721233168, 0.11691872234934539, 0.13206260132462769, 0.1946913088045332, 0.24305055636194928, 0.36261582419638727, 0.15238366868917252, 0.1960793917168131, 0.16027340475826266, 0.30004272328551368, 0.24048726540530041, 0.16242626061374235, 0.16242626061374235, 0.14894707093226239, 0.24717412410245804, 0.22104657869749186, 0.10880377789037673, 0.34998871673752846, 0.23526174447652365, 0.19088440278466531, 0.18143365410299883, 0.2479654017835137, 0.18013295850282107, 0.21785935476477997, 1.0, 0, 0.06055697567738505, 0.3045061158331458, -0.22154582661057481, 0.044705202224324198, -0.021900221949388586, 0.15196774746852151, -0.40872794633934384, 0.2757509208629248], [0, 0, 0, 0, 0, 0, 0, 0, 0, 0, 0, 0, 0, 0, 0, 0, 0, 0, 0, 0, 0, 0, 0, 0, 0, 0, 0, 0, 0, 0, 0, 0, 0, 0, 0, 0, 0, 0, 0, 0, 0, 0, 0, 0], [0.32710689410124599, 0.37427089882858872, 0.21847206497498142, 0.13524652196856013, 0.14790013786490674, 0.27623147588015484, -0.039669121480524899, 0.12419172217785839, -0.023474662425035514, 0.1427973628038143, 0.14144705714317063, 0.14529436523700484, 0.20340658797678648, 0.080602473261031524, 0.37080280972872764, 0.18836401787997434, 0.0078331962905047615, -0.014602945364835328, 0.042480609853068708, 0.063057277633577422, -0.07982166974422733, 0.020711704469001974, 0.020711704469001974, -0.013195269868010614, 0.26486142517851519, 0.27030121649917299, 0.16057540130429662, 0.16536841427258733, 0.14677500786120293, -0.10327428136039231, 0.11797907463224239, -0.010011468135808842, 0.16430660859061155, 0.13761431827492165, 0.06055697567738505, 0, 1.0, 0.10619111233940945, 0.16572729999704752, 0.19528566531693856, 0.25889809512500506, 0.21217862462836418, -0.12682365201833987, 0.18162755190943067], [0.51268992292903715, 0.42810335676746691, 0.018065672173419332, 0.25715401519276265, 0.32848584473236697, 0.38293374268031372, 0.41187937129342256, 0.16159505419742437, 0.21046372398448035, 0.3270270725233187, -0.015582701222225638, 0.40754568495069005, 0.38117706785626321, 0.67995421159339919, 0.32189483203934083, 0.44545741496371921, 0.058850869637111641, 0.03446642784574467, 0.081720622837277851, 0.20201129245508553, 0.11412699070563631, -0.013431775542066392, -0.013431775542066392, -0.065125154859704174, 0.2189519233885362, 0.2515461695939224, 0.22699633815295203, 0.50946624359217374, 0.38486299757130543, -0.016908579992217728, 0.32008916597175108, 0.46006081333724552, 0.44687509490539473, 0.21991277811967044, 0.3045061158331458, 0, 0.10619111233940945, 1.0, -0.39134145640784462, 0.053202088470196571, 0.12074825174797225, 0.24662353855062014, -0.43051601404426804, 0.25004058701284204], [-0.25204287348833615, -0.16667304905759323, 0.05835978318111365, -0.090125011281764755, -0.21929798890567681, -0.2572883462032865, -0.067941169635976975, 0.062822398689578049, 0.035416102698930627, 0.050853469918482407, 0.093573628528175815, -0.1214302530717716, -0.007719292635753521, -0.30926415001214574, -0.15281913011822365, -0.23407370444817874, -0.041226173530765645, -0.077473112076226855, -0.081782136744553049, -0.16925029387287699, -0.19907680243805911, -0.10464408657903135, -0.10464408657903135, -0.09235637261009115, -0.031335239075036651, -0.026973841200940513, -0.004798664848703167, -0.31032974188254109, -0.24024691215701047, -0.053947930447784037, -0.34160269256716652, -0.18327040497186164, -0.1003517303967814, 0.12808945794075627, -0.22154582661057481, 0, 0.16572729999704752, -0.39134145640784462, 1.0, 0.14501191925760218, 0.099916797981007485, -0.024154772793803698, 0.26647885123852461, -0.23803458737250829], [0.0010318720676334892, 0.16545720933480715, 0.081741132985148041, 0.012613595888818805, 0.042092615553045741, 0.028088431145896608, 0.039579337326742438, -0.044172845178256571, 0.022014793155382611, 0.047973879640958478, -0.067850154769373089, 0.10314752376215851, 0.090619168514209342, 0.11632023701829969, 0.020517978863498595, 0.046565505437521512, 0.024506761549299993, -0.028519162500332956, -0.094207837842557873, -0.063142382253473531, -0.062814262263842791, -0.016300062232770605, -0.016300062232770605, -0.016907574935533236, 0.0021930793879483259, 0.011991764940431441, -0.00081861094411123678, -0.041364294530470719, 0.06343518356284035, -0.18572380066786021, 0.064241374946490348, 0.076645124279931351, 0.021549466331031303, 0.038876974317163811, 0.044705202224324198, 0, 0.19528566531693856, 0.053202088470196571, 0.14501191925760218, 1.0, -0.046672945353510534, 0.023665590143840558, 0.074053019158200062, 0.024593442989627973], [0.076358246446199873, 0.068300828920210249, 0.064198505619945778, 0.071412574075963076, 0.027230875872047578, 0.033700444203876953, 0.013889121487488505, 0.31096981264309792, 0.22296288133400749, 0.34696144930855138, 0.42624178465106966, 0.12614533137120101, 0.48246006340033831, 0.21484600475752852, 0.14174326707187432, 0.048323957209987653, -0.070973843363548617, -0.12318174619125968, 0.097052573330361991, 0.046418855150808402, -0.054418429703450559, 0.010524081400009024, 0.010524081400009024, -0.026831697515040262, 0.15303636763038392, 0.11702180438384109, 0.080235871158756272, 0.10420971352181382, -0.00097838173255411151, -0.0052835107450668302, -0.15494531026699329, -0.033585678236917486, 0.15810766258086278, 0.30216675013423538, -0.021900221949388586, 0, 0.25889809512500506, 0.12074825174797225, 0.099916797981007485, -0.046672945353510534, 0.99999999999999989, 0.03725090263313395, -0.17342468571320679, -0.079583943227100787], [0.35351822618801509, 0.40005635913213511, 0.18116099051921089, 0.28630827209663512, 0.27047862755776941, 0.33269805008432846, 0.15296175216492863, 0.063706365831446246, 0.18591352617073009, 0.12607460283817923, 0.082014679313965971, 0.40191848108324313, 0.24258158777717165, 0.18593899017778245, 0.56487269048932309, 0.42672602403165233, 0.1768342859907362, 0.07470994528915921, 0.11642739023121843, 0.21479553091421702, 0.12233350650860202, 0.16595475815963687, 0.16595475815963687, 0.054769552231389608, 0.66432436299378927, 0.88359348516567771, 0.18740644319427205, 0.34753233796410204, 0.41713132962580951, 0.014819182585372357, 0.086078953305355907, 0.17760856581099685, 0.28138282103491546, 0.051778588329259009, 0.15196774746852151, 0, 0.21217862462836418, 0.24662353855062014, -0.024154772793803698, 0.023665590143840558, 0.03725090263313395, 1.0000000000000002, -0.35785180879399231, 0.066594153433370482], [-0.4718932050968262, -0.30723683513041478, 0.014495249188323282, -0.29489569604186833, -0.29061520152697751, -0.47811038990536592, -0.23124621067058226, -0.11528374753301403, -0.18208048265934806, -0.20198642811311532, -0.13400401515631527, -0.28228283698058726, -0.2579306037992003, -0.38553481914549231, -0.38374360419033515, -0.47099092627967809, -0.087872035684983404, -0.13678693011638482, -0.28167086022297311, -0.4884408532362487, -0.25315945040507148, -0.14845351104523036, -0.14845351104523036, -0.075965067927487542, -0.3605871884488665, -0.39287299970038431, -0.20568942399020629, -0.6852180213177641, -0.48120686793414708, -0.15568554654775177, -0.14265320809591081, -0.26444954183016334, -0.29072092956271456, -0.22110541376912843, -0.40872794633934384, 0, -0.12682365201833987, -0.43051601404426804, 0.26647885123852461, 0.074053019158200062, -0.17342468571320679, -0.35785180879399231, 1.0, -0.14038486427407135], [0.27151873502478513, 0.22996141532922298, 0.021133565144714407, 0.09577918809778499, 0.14505413620159208, 0.23322241262763008, 0.057412503903577529, -0.026608123895044345, 0.022296891013881801, 0.091424565567671826, -0.27512934375504139, 0.095244802996262631, 0.064663464707638854, 0.19695496260706979, 0.24531128763736562, 0.19237411805706917, 0.062815566278439205, 0.090242387222466622, 0.10462784004934499, 0.10651035839868286, 0.066806673968426308, 0.069894573493319956, 0.069894573493319956, 0.020615892763589466, 0.12168706593174961, 0.10544643098309528, 0.058919991208835391, 0.18779828128322198, 0.16771817224068875, 0.025914985948351892, 0.41511715086389289, 0.14507277227428667, 0.054870902928337295, 0.049797297336212756, 0.2757509208629248, 0, 0.18162755190943067, 0.25004058701284204, -0.23803458737250829, 0.024593442989627973, -0.079583943227100787, 0.066594153433370482, -0.14038486427407135, 1.0]]