['ComsxFac', 'ExAggFan', 'ExAggbeh', 'Exhibit', 'Fetish', 'HypSxRat', 'Inhadhd', 'JuvDelFc', 'JuvDrgFc', 'JuvaslFc', 'Masadeq', 'PAAgFan', 'PAFght', 'PAcnang', 'PCD', 'ParaRat', 'Pnchldad', 'Pnchldjv', 'Pnearex', 'Pnheter', 'Pnhomo', 'Pnvio', 'Pnvioad', 'Pnviojv', 'Sadbehr', 'Sadtot', 'Scatol', 'SxPrFAC', 'Voyeur', 'age', 'anxwom', 'attadhd', 'conchr', 'dralcadu', 'erecdys', 'genderversion', 'hoswom', 'impul', 'lkemp', 'lkprtkg', 'negmas', 'sadfanr', 'sxdeny', 'sxperanx']
[[23.280893453645636, 11.341169149129142, 2.9390745347211356, 8.5410934758877968, 9.6242285874613049, 16.901628511784004, 2.6949673545331225, 0.82203867651939022, 4.4017322189249271, 4.624181583426946, 0.42345503487610225, 8.068105933483622, 5.7110150307348437, 8.2729332876545296, 6.5745821566862155, 13.243477479213688, 1.9843709501990152, 1.8476281847641156, 4.2404853296286449, 6.8667127092543039, 3.9839542227543991, 3.2911455573582966, 3.2911455573582966, 1.5638668851369202, 8.7845104590176621, 9.3825481418512862, 6.6139345776169467, 15.217874734455947, 11.264326658180309, 2.3561160045573901, 6.668254329603454, 2.8844624903957952, 7.4127087766383912, 2.9886381869645815, 6.0829688385110874, 0, 6.663674051899144, 11.935879470468704, -5.8677832834326393, 0.024022903664368281, 1.7776881998211944, 8.2302201578049772, -10.975955975948356, 6.3211987407806633], [11.341169149129142, 23.280893453645636, 4.0389038719830079, 5.8845399966468195, 7.2259937623736281, 9.3728229542386323, 1.9812555455000722, 0.9058609679789642, 1.9845555397694918, 5.1939717563243288, 0.89269287062853397, 9.9539537192922101, 7.1961189755622899, 9.0325342070436321, 6.7468387120870412, 9.3612936622493681, 3.6930217447802152, 1.8590028830353635, 3.0611858854090768, 3.201663393112629, 1.092746525272956, 1.3693652441402917, 1.3693652441402917, 0.017624945103876383, 9.3055377194665603, 10.131720551354068, 4.2631528521128255, 8.9822898406325589, 8.1732665053934763, -0.82846514916679492, 8.3107580775203065, 2.8158630595544163, 6.2089731180817127, 2.3467250487179836, 5.4721711322525373, 0, 7.6244778752143585, 9.9666286360514409, -3.8802974967040793, 3.8519916616611867, 1.5901043208870931, 9.3136694724086304, -7.1461465012813683, 5.3537072087291913], [2.9390745347211356, 4.0389038719830079, 21.166010488516729, 3.0373171618572923, 2.3125552969038514, 2.6692148324222029, 0.90852604109310209, -0.45335158024641636, 1.085674148087147, 1.2682741156532047, 1.2508203748966589, 2.5933479934883414, 2.2230266840252408, 0.032503521887208682, 2.5485738035082992, 3.6567638725404281, 7.4653067198792336, -0.40884627187927669, -0.74442473813171828, -1.1246766693581511, -1.2889772630591867, 0.90296466310548473, 0.90296466310548473, 1.1810849132459016, 6.2427117432437722, 5.7261663463959422, 4.4390151527164452, 0.76077062308947419, 2.4744412483553995, -0.3802090621834826, -0.49149634876611858, 0.78578617218802216, 1.8659523235851794, 0.62059931316465855, 0.32224730255733353, 0, 3.9142488243586193, 0.38237820670469835, 1.2352437829190135, 1.7301336781068839, 1.3588262432988722, 3.834455425439697, 0.30646398698235211, 0.44731326151277662], [8.5410934758877968, 5.8845399966468195, 3.0373171618572923, 23.280893453645636, 7.5332956331346539, 7.0041809164342599, 2.4398574391456416, 1.8421119366431704, 4.9478824173489917, 3.7056581753735465, 1.7006712361140826, 4.6088400458454757, 5.0085428986601528, 3.3626862137346096, 4.0336342048836205, 17.101666420075738, 3.5574345616674838, 1.7777189016320258, 2.3178137364271723, 4.4113705630703182, 2.9042977064963678, 3.0234211957986674, 3.0234211957986674, 2.7438384642741616, 7.8043189324908733, 7.9423831633896862, 5.4310877455160718, 7.0310361403567567, 9.1863411436893649, 0.85009830643697581, 2.0236730109898908, 1.8876770085944794, 5.9788637121857438, 3.8586228112975633, 5.8814231593015593, 0, 2.7551811206172578, 5.9867752288798775, -2.098190785159376, 0.29365578195493319, 1.6625485283130725, 6.6655123775791445, -6.8590989280891508, 2.2298250731812161], [9.6242285874613049, 7.2259937623736281, 2.3125552969038514, 7.5332956331346539, 23.259406699226016, 8.3575616651443525, 2.9774906194944415, 0.96196202616017179, 1.899935635291693, 2.5997781661149073, 1.9263659489132325, 5.3183479431986056, 2.8179573214873694, 5.3435241422499455, 3.3286636249298827, 16.886439066311688, 2.3167422794562622, 1.9195993279895465, 0.38453669485700448, 3.014491698888782, 2.0585666803228859, 1.6349916621835161, 1.6349916621835161, 0.37177178477702061, 6.1412808183655949, 6.7887922274911885, 4.6871406720800053, 7.2935703012462838, 9.7076095937281295, 1.3300500881075561, 4.2509414646570294, 3.1183753043953644, 4.8820479593174486, 0.31129786771916818, 5.7037790071824821, 0, 3.0129548741875047, 7.6403858575689334, -5.1007411122794917, 0.9790492641824573, 0.63337401668409554, 6.2911724018146407, -6.7532870140121766, 3.3738731473177537], [16.901628511784004, 9.3728229542386323, 2.6692148324222029, 7.0041809164342599, 8.3575616651443525, 23.302360395462088, 1.9572616317197731, -0.99729125104524985, 1.8535004846661578, 2.5865702716988217, -0.14550208998403652, 7.612043204297402, 4.9233742395251738, 7.1747165454878719, 5.6147365831672618, 11.36488503976525, 2.5497426312413531, 2.6063401622352447, 2.6902758571037895, 9.2664013062951192, 4.3768168437934056, 4.4675662100650202, 4.4675662100650202, 2.555187000022495, 7.8213906784166509, 8.4653962996136904, 4.7649812669687881, 14.0170364852359, 10.498462778917281, 1.6988440983659812, 7.1381977182616358, 1.8856840910760273, 6.1637974229146995, 0.40766368805045478, 6.0719976222673644, 0, 5.6340387431257763, 8.9150396631461373, -5.9899025748234038, 0.65452674550480494, 0.78529989632590225, 7.745507856248909, -11.12056400593443, 5.4296261393860332], [2.6949673545331225, 1.9812555455000722, 0.90852604109310209, 2.4398574391456416, 2.9774906194944415, 1.9572616317197731, 15.491933384829668, 1.9938784346772516, 1.9600084920532292, 6.9973011238805904, 0.09908938497967254, 3.6709084164143615, 4.2472943708297697, 5.5271670230812395, 0, 3.0669376082081539, 0.75011888039103758, 0.60783397154441732, 0.98961247326757318, 2.8516370916768397, 0.36519752210391698, 0.79065942451385041, 0.79065942451385041, 1.7416555500205844, 0.98386634786676186, 1.6709615443116246, 1.832608240530742, 3.8535271271041682, 1.4657513550953969, 0.30128409380892734, 0.61624687871680051, 10.005691718035354, 5.2986541382267163, 2.1203652351287894, 2.7865101749791181, 0, -0.61455138741100734, 6.3675005569531402, -1.0503449933377125, 0.61316045728159618, 0.21516934485797828, 2.3647313023813608, -3.5749796611912763, 0.88757577111495944], [0.82203867651939022, 0.9058609679789642, -0.45335158024641636, 1.8421119366431704, 0.96196202616017179, -0.99729125104524985, 1.9938784346772516, 17.720045146669346, 4.8373969137316113, 6.4649559625820414, 1.7572243215558951, 1.3662866503901767, 4.7521077147880382, 0.68601166917693546, 0.51860683610036429, 1.4259197300969517, -0.090615148605687618, 0.4382924246729103, 2.3950830202715028, 0.39781486705440888, 0.29924450458889085, -0.23488592502761499, -0.23488592502761499, -0.90048519267740279, 1.4365001216388589, 1.4787959078428241, 3.3910943258641848, 0.40221860318836433, -0.24074875275845634, 0.013020808123287731, -1.1718825557919577, 1.1108558300920006, 2.5190767824121623, 6.6354253663227638, 1.2564164468642791, 0, 1.6982962584169294, 2.86347165585684, 1.1132157410013843, -0.78274481081554192, 5.5103991192870039, 1.1288796786634612, -2.0395776978004636, -0.47149715668835729], [4.4017322189249271, 1.9845555397694918, 1.085674148087147, 4.9478824173489917, 1.899935635291693, 1.8535004846661578, 1.9600084920532292, 4.8373969137316113, 17.663521732655695, 6.2701323566098148, 2.4494943917580638, 1.1404677319345815, 4.6198757316465091, 2.6717254237203214, 2.0950813732397173, 4.921835201212386, 1.9135461732611807, -0.17080394685377123, 4.2428815376103826, 2.4633231058579605, -0.33458094140999495, -0.33223830840840662, -0.33223830840840662, -0.18522200236723785, 1.3283581033466245, 2.3905711969333714, 3.9067849419915319, 3.888037633207631, 2.867706105789336, 0.67935206790399971, -2.1299966924869511, 1.2891986564516609, 3.1612288921277081, 11.930876312866056, 1.8754640809509875, 0, -0.32186835489411247, 3.7175305625355186, 0.62557309970852715, 0.38885877734002061, 3.9383097000187743, 3.2838876099113445, -3.2110242872732084, 0.39384161899435666], [4.624181583426946, 5.1939717563243288, 1.2682741156532047, 3.7056581753735465, 2.5997781661149073, 2.5865702716988217, 6.9973011238805904, 6.4649559625820414, 6.2701323566098148, 23.302360395462088, 3.9532033963048057, 6.1098072355787156, 12.367773924626166, 7.8391013620164411, 1.0760106180163589, 4.3760597735916065, 0.77506085350534526, 0.082519922161929146, 3.7076647227747266, 3.3384442182632954, 2.0869003501602816, 0.61818270850211554, 0.61818270850211554, -0.75990428681258904, 2.9433991709452356, 3.1613695614900181, 4.359026796086102, 4.7940090517371212, 2.9998417536831696, 1.5687752595174058, 0.80309094805336678, 6.4754884756646423, 7.9388262267173477, 8.1614147367319738, 3.094318165258418, 0, 2.9125061577049505, 7.6134824318730256, 1.1839142149203621, 1.1179046329621358, 8.0850207351197145, 2.93512939588634, -4.698084479206929, 2.1284455700268068], [0.42345503487610225, 0.89269287062853397, 1.2508203748966589, 1.7006712361140826, 1.9263659489132325, -0.14550208998403652, 0.09908938497967254, 1.7572243215558951, 2.4494943917580638, 3.9532033963048057, 23.259406699226016, -0.20816836443933398, 7.5200695136560896, 1.4951676526562943, 1.0105670558591207, 1.2111912471700939, -0.02808568292287832, -0.85104352339453926, 1.7476278933394214, 1.5678951051503496, -2.0695762982255745, -0.37411762769073903, -0.37411762769073903, -0.50598207241253201, 2.6456090022374799, 2.6152653989128121, 1.0878321555672099, 2.3190882042219769, 0.28110204141401773, 0.64055212208896051, -6.4985678779292648, -0.47820919767301312, 4.3470955149395261, 3.7219047975371704, 0.60887698147099212, 0, 2.8814956254352184, -0.36244438520027245, 2.1764670822591392, -1.5781543443862784, 9.9141310214031417, 1.9076127814701336, -3.1139719141520117, -6.3993453012896673], [8.068105933483622, 9.9539537192922101, 2.5933479934883414, 4.6088400458454757, 5.3183479431986056, 7.612043204297402, 3.6709084164143615, 1.3662866503901767, 1.1404677319345815, 6.1098072355787156, -0.20816836443933398, 23.280893453645636, 10.774074206031404, 10.094938772110693, 4.8396800376306528, 8.0695467626288764, 1.3587347331837618, -0.9019621835083903, 0.57595370719756589, 1.7203471261720193, 1.9647416744180455, 0.094817788125119026, 0.094817788125119026, -2.2719802540627718, 7.0161758708228525, 8.7575865061607292, 5.115622373370992, 7.4761826371014291, 7.4164127359950482, -1.0501784363958988, 4.6183121997832188, 4.7642472410492331, 7.1917312555771735, 0.47468044547404098, 2.358746482301977, 0, 2.9598712499691646, 9.4880276688300444, -2.8270047838131398, 2.4013665107141935, 2.9367760193277528, 9.3570213351500708, -6.5657313095427963, 2.2173841105694585], [5.7110150307348437, 7.1961189755622899, 2.2230266840252408, 5.0085428986601528, 2.8179573214873694, 4.9233742395251738, 4.2472943708297697, 4.7521077147880382, 4.6198757316465091, 12.367773924626166, 7.5200695136560896, 10.774074206031404, 23.280893453645632, 10.826133426567099, 3.1704482032911385, 5.3136438136080866, 0.27945521212416674, -0.43608406290335588, 1.7546734123851919, 2.1687217671295018, -0.64290552260119149, -0.0049002536096363529, -0.0049002536096363529, -1.4550533670213404, 6.2203743825384237, 6.5064485887459993, 4.8448651507043365, 6.4428466328282141, 3.4786591533062268, -0.7359768264437283, -0.73254110157003027, 4.08419397031071, 8.5006941276875452, 6.0886716475985718, 2.6642627464518989, 0, 4.1437072306605645, 8.8741427037347158, -0.17971202939048908, 2.1096952070372668, 11.232101331662394, 5.647516098856519, -5.9993128139425309, 1.5054232322021148], [8.2729332876545296, 9.0325342070436321, 0.032503521887208682, 3.3626862137346096, 5.3435241422499455, 7.1747165454878719, 5.5271670230812395, 0.68601166917693546, 2.6717254237203214, 7.8391013620164411, 1.4951676526562943, 10.094938772110693, 10.826133426567099, 23.280893453645632, 4.1559505875194098, 6.8366708141352674, -0.5163524669840196, -0.60044531153650105, 1.5733215898401383, 5.0455869007090328, 0.74290041565746789, -0.26897765801369916, -0.26897765801369916, -1.6232978521069805, 3.2223170637160408, 4.0328783041682295, 3.9212209996176952, 11.125969517142945, 6.1378864335385703, -0.95520426418714866, 5.8166755827329224, 5.3748609916078829, 9.6521994709668384, 4.3722876439551905, 3.927749384784752, 0, 1.6419972164273147, 15.829941553463545, -7.199945725465045, 2.7080390445258415, 5.001806945701464, 4.3288258192074149, -8.9673111552175548, 4.585287499621951], [6.5745821566862155, 6.7468387120870412, 2.5485738035082992, 4.0336342048836205, 3.3286636249298827, 5.6147365831672618, 0, 0.51860683610036429, 2.0950813732397173, 1.0760106180163589, 1.0105670558591207, 4.8396800376306528, 3.1704482032911385, 4.1559505875194098, 14.387494569938159, 6.3691285715783641, 0.069835206467608824, 0.11356375596805802, 2.5156412904526602, 4.7294574507774501, 2.6584495973995579, 3.6826317928951244, 3.6826317928951244, 3.2696997409739423, 11.172445580431901, 10.905742822907756, 5.0473328618156295, 5.2302159701660162, 5.9207917014459772, 0.64443821598690898, 3.7171213992084486, 0, 4.2922838940713772, 1.3318418928977085, 3.4200244799818189, 0, 3.3781743689936548, 4.631260148057172, -2.1986844047586156, 0.29520230948469195, 2.0393304853218859, 8.1271027671214942, -5.5211090215369456, 3.5294148188271359], [13.243477479213688, 9.3612936622493681, 3.6567638725404281, 17.101666420075738, 16.886439066311688, 11.36488503976525, 3.0669376082081539, 1.4259197300969517, 4.921835201212386, 4.3760597735916065, 1.2111912471700939, 8.0695467626288764, 5.3136438136080866, 6.8366708141352674, 6.3691285715783641, 23.280893453645636, 4.0001432126002072, 1.8759753665347112, 2.2728138939316884, 6.4644176029912153, 4.2582508953401028, 2.1421364350884069, 2.1421364350884069, 0.52504708654840149, 9.6798048588534193, 10.709034097291806, 9.5839233257850065, 11.221702041953973, 18.230790568640412, 1.8330444673977777, 5.1196080263972457, 3.7055086625859595, 7.0146199909467031, 2.8692155280191241, 7.3154990284158661, 0, 3.8372667800445179, 10.370646615906756, -5.4494449735581867, 1.0840865707060947, 1.1250248990642533, 9.9345630993787228, -10.954969505984211, 4.4786413457256735], [1.9843709501990152, 3.6930217447802152, 7.4653067198792336, 3.5574345616674838, 2.3167422794562622, 2.5497426312413531, 0.75011888039103758, -0.090615148605687618, 1.9135461732611807, 0.77506085350534526, -0.02808568292287832, 1.3587347331837618, 0.27945521212416674, -0.5163524669840196, 0.069835206467608824, 4.0001432126002072, 22.627416997969522, 17.595277357714778, 1.2833912175796218, 2.0323515995090844, 4.7447024111967755, 1.88123210699388, 1.88123210699388, 1.8404931986879907, 2.8690717669650234, 3.7038101200202918, 3.3298157838940456, 0.99965731402704938, 2.7005051260891513, 1.3377562513236863, 2.1436576232008195, 1.0087654643013726, 0.43420198055295472, 0.56563564190433491, 3.0131919870662167, 0, 0.15409710937132634, 1.3303420995930488, -0.93193039612316408, 0.55452471284581661, -1.6059547497355864, 3.997393696228472, -1.9844299620459593, 1.4199652927012636], [1.8476281847641156, 1.8590028830353635, -0.40884627187927669, 1.7777189016320258, 1.9195993279895465, 2.6063401622352447, 0.60783397154441732, 0.4382924246729103, -0.17080394685377123, 0.082519922161929146, -0.85104352339453926, -0.9019621835083903, -0.43608406290335588, -0.60044531153650105, 0.11356375596805802, 1.8759753665347112, 17.595277357714778, 19.493588689617926, 1.8176846191070823, 3.0447356534009988, 5.3366426799666415, 2.0141758870254933, 2.0141758870254933, 2.1771686641064805, 1.0916155175030928, 1.4350095744819038, 1.2328748333960418, 1.268885676936135, 0.43278975143801846, 1.892686941568827, 1.8451622909057244, 0.037194290915128214, 0.70014527573372831, 0.22576800897069577, 3.4299885020137957, 0, -0.23771872776880007, 0.67098974042902104, -1.508240528867977, -0.5559408235538662, -2.4012542943213258, 1.4544474124616444, -2.6594418750465807, 1.7568317856755782], [4.2404853296286449, 3.0611858854090768, -0.74442473813171828, 2.3178137364271723, 0.38453669485700448, 2.6902758571037895, 0.98961247326757318, 2.3950830202715028, 4.2428815376103826, 3.7076647227747266, 1.7476278933394214, 0.57595370719756589, 1.7546734123851919, 1.5733215898401383, 2.5156412904526602, 2.2728138939316884, 1.2833912175796218, 1.8176846191070823, 19.672315572906001, 8.0478641106728901, 6.7467275935603643, 6.2781995784049309, 6.2781995784049309, 7.5861356797320019, 2.0285434653747187, 2.3918976067912556, 2.0743263878850993, 5.0982940259427716, 2.6818406748764496, 0.88290798110433621, 0.68116485358286982, 1.2115602127156129, 2.8285571058998964, 3.2579727389357478, 2.8173493500623987, 0, 0.69673380528609619, 1.6055554914135701, -1.6067640479344945, -1.8532863154799546, 1.9092488497174818, 2.2874352794508157, -5.5267813686646416, 2.0556109010630021], [6.8667127092543039, 3.201663393112629, -1.1246766693581511, 4.4113705630703182, 3.014491698888782, 9.2664013062951192, 2.8516370916768397, 0.39781486705440888, 2.4633231058579605, 3.3384442182632954, 1.5678951051503496, 1.7203471261720193, 2.1687217671295018, 5.0455869007090328, 4.7294574507774501, 6.4644176029912153, 2.0323515995090844, 3.0447356534009988, 8.0478641106728901, 23.04343724360583, 6.8512212021262426, 5.4692453438151825, 5.4692453438151825, 3.3697523082018122, 4.5527985945710387, 5.0800525986385363, 3.3365008449131102, 11.475768669139255, 6.7838156790516591, 3.0675780429282327, 3.1699144474403225, 3.2379438845360586, 3.133771355587009, 4.7603511211767602, 6.0158378959400256, 0, 1.2674355944478826, 4.6506492028606363, -3.8964343761071181, -1.4550175228696876, 1.0696499755876825, 4.9449644744307104, -11.23413962443372, 2.4520525925221124], [3.9839542227543991, 1.092746525272956, -1.2889772630591867, 2.9042977064963678, 2.0585666803228859, 4.3768168437934056, 0.36519752210391698, 0.29924450458889085, -0.33458094140999495, 2.0869003501602816, -2.0695762982255745, 1.9647416744180455, -0.64290552260119149, 0.74290041565746789, 2.6584495973995579, 4.2582508953401028, 4.7447024111967755, 5.3366426799666415, 6.7467275935603643, 6.8512212021262426, 22.627416997969522, 6.202686713574451, 6.202686713574451, 5.1563983621317595, 2.5807588030569772, 2.791330700326752, 0.80157556176259137, 3.7592337523131394, 4.912827743126793, 1.6846753918316522, 1.7177223315089956, 0.42199768962047068, 2.6576014701255222, -1.5933357592840578, 4.7553278336460343, 0, -1.5702770767647232, 2.5798759027993898, -4.5001926559248089, -1.421324505663792, -1.2313485012746668, 2.7653867292490353, -5.7171453311939606, 1.5101855157283703], [3.2911455573582966, 1.3693652441402917, 0.90296466310548473, 3.0234211957986674, 1.6349916621835161, 4.4675662100650202, 0.79065942451385041, -0.23488592502761499, -0.33223830840840662, 0.61818270850211554, -0.37411762769073903, 0.094817788125119026, -0.0049002536096363529, -0.26897765801369916, 3.6826317928951244, 2.1421364350884069, 1.88123210699388, 2.0141758870254933, 6.2781995784049309, 5.4692453438151825, 6.202686713574451, 22.737634001804146, 22.737634001804146, 19.587411872124932, 4.2311868051316548, 4.2851411087846838, -0.29511675879377181, 2.3163218067138605, 1.4834812785908909, 1.8588567856598615, 2.4436375902375556, 1.4035122359059584, 1.578440296486959, -0.99753578279509614, 3.2281580822661895, 0, 0.40902339026563961, -0.30511128889902728, -2.3770567064492303, -0.37062484925536854, 0.23929271107859976, 3.7697674445521114, -3.3689462959437346, 1.587699506949461], [3.2911455573582966, 1.3693652441402917, 0.90296466310548473, 3.0234211957986674, 1.6349916621835161, 4.4675662100650202, 0.79065942451385041, -0.23488592502761499, -0.33223830840840662, 0.61818270850211554, -0.37411762769073903, 0.094817788125119026, -0.0049002536096363529, -0.26897765801369916, 3.6826317928951244, 2.1421364350884069, 1.88123210699388, 2.0141758870254933, 6.2781995784049309, 5.4692453438151825, 6.202686713574451, 22.737634001804146, 22.737634001804146, 19.587411872124932, 4.2311868051316548, 4.2851411087846838, -0.29511675879377181, 2.3163218067138605, 1.4834812785908909, 1.8588567856598615, 2.4436375902375556, 1.4035122359059584, 1.578440296486959, -0.99753578279509614, 3.2281580822661895, 0, 0.40902339026563961, -0.30511128889902728, -2.3770567064492303, -0.37062484925536854, 0.23929271107859976, 3.7697674445521114, -3.3689462959437346, 1.587699506949461], [1.5638668851369202, 0.017624945103876383, 1.1810849132459016, 2.7438384642741616, 0.37177178477702061, 2.555187000022495, 1.7416555500205844, -0.90048519267740279, -0.18522200236723785, -0.75990428681258904, -0.50598207241253201, -2.2719802540627718, -1.4550533670213404, -1.6232978521069805, 3.2696997409739423, 0.52504708654840149, 1.8404931986879907, 2.1771686641064805, 7.5861356797320019, 3.3697523082018122, 5.1563983621317595, 19.587411872124932, 19.587411872124932, 20.591260281974002, 1.5945043249453223, 1.4039319246364212, -1.3037305173982583, 0.14007051879858334, -0.61669749036051624, 1.2532804333651817, 1.810310154895274, 1.7264181839590675, 0.97251852622777157, -0.94819412455468455, 2.7865445409602092, 0, -0.23157604634764298, -1.3394267025472841, -1.8994901722821733, -0.34814827623454464, -0.55249846733938901, 1.1264433981510944, -1.560522935456615, 0.4240063201982302], [8.7845104590176621, 9.3055377194665603, 6.2427117432437722, 7.8043189324908733, 6.1412808183655949, 7.8213906784166509, 0.98386634786676186, 1.4365001216388589, 1.3283581033466245, 2.9433991709452356, 2.6456090022374799, 7.0161758708228525, 6.2203743825384237, 3.2223170637160408, 11.172445580431901, 9.6798048588534193, 2.8690717669650234, 1.0916155175030928, 2.0285434653747187, 4.5527985945710387, 2.5807588030569772, 4.2311868051316548, 4.2311868051316548, 1.5945043249453223, 23.280893453645632, 21.761183439477001, 5.5329893013794962, 6.9169254378869809, 8.5012677483995507, 0.85723009525498772, 0.96235158088296824, 0.93768259606437809, 5.8408569873924199, 1.0552464696638217, 4.9865503490597236, 0, 5.3956374449411983, 5.0973963998792922, -0.72951236225044158, 0.051056847566211351, 3.5628233693359115, 15.466064713519414, -8.3870440666626394, 2.8329836166438138], [9.3825481418512862, 10.131720551354068, 5.7261663463959422, 7.9423831633896862, 6.7887922274911885, 8.4653962996136904, 1.6709615443116246, 1.4787959078428241, 2.3905711969333714, 3.1613695614900181, 2.6152653989128121, 8.7575865061607292, 6.5064485887459993, 4.0328783041682295, 10.905742822907756, 10.709034097291806, 3.7038101200202918, 1.4350095744819038, 2.3918976067912556, 5.0800525986385363, 2.791330700326752, 4.2851411087846838, 4.2851411087846838, 1.4039319246364212, 21.761183439477001, 23.280893453645632, 5.6101658017230234, 8.1410482992669824, 9.8932675579037248, 0.69069758374287904, 1.4215789885896648, 1.8199685650393527, 6.7876893878948623, 1.2010597137286043, 4.4594469512736277, 0, 5.5064544192235987, 5.856219572988782, -0.62797512303465286, 0.27917900189934752, 2.7243721596135657, 20.570845784477555, -9.1379928811761388, 2.4548871247846389], [6.6139345776169467, 4.2631528521128255, 4.4390151527164452, 5.4310877455160718, 4.6871406720800053, 4.7649812669687881, 1.832608240530742, 3.3910943258641848, 3.9067849419915319, 4.359026796086102, 1.0878321555672099, 5.115622373370992, 4.8448651507043365, 3.9212209996176952, 5.0473328618156295, 9.5839233257850065, 3.3298157838940456, 1.2328748333960418, 2.0743263878850993, 3.3365008449131102, 0.80157556176259137, -0.29511675879377181, -0.29511675879377181, -1.3037305173982583, 5.5329893013794962, 5.6101658017230234, 23.280893453645632, 6.21384236742957, 5.38638029622091, 0.31970675995823467, 1.7134510795446716, 2.6763713044740451, 5.1047153447424733, 4.4348152052213816, 2.1950336370702619, 0, 3.2711696217369863, 5.284677562906591, -0.11171720506241296, -0.019057994169841962, 1.8679627676074433, 4.3629894365325406, -4.7842139663177443, 1.3717100376226341], [15.217874734455947, 8.9822898406325589, 0.76077062308947419, 7.0310361403567567, 7.2935703012462838, 14.0170364852359, 3.8535271271041682, 0.40221860318836433, 3.888037633207631, 4.7940090517371212, 2.3190882042219769, 7.4761826371014291, 6.4428466328282141, 11.125969517142945, 5.2302159701660162, 11.221702041953973, 0.99965731402704938, 1.268885676936135, 5.0982940259427716, 11.475768669139255, 3.7592337523131394, 2.3163218067138605, 2.3163218067138605, 0.14007051879858334, 6.9169254378869809, 8.1410482992669824, 6.21384236742957, 23.280893453645632, 10.271784019790474, 3.1982579658269676, 5.456220838990232, 5.0550789086422396, 7.4113446039918873, 5.6214915972348898, 7.060756719384818, 0, 3.3688107192594652, 11.860829335298469, -7.2247536562647898, -0.96299773374910558, 2.4260952373362823, 8.0908633318386247, -15.937764635468797, 4.3721117773324636], [11.264326658180309, 8.1732665053934763, 2.4744412483553995, 9.1863411436893649, 9.7076095937281295, 10.498462778917281, 1.4657513550953969, -0.24074875275845634, 2.867706105789336, 2.9998417536831696, 0.28110204141401773, 7.4164127359950482, 3.4786591533062268, 6.1378864335385703, 5.9207917014459772, 18.230790568640412, 2.7005051260891513, 0.43278975143801846, 2.6818406748764496, 6.7838156790516591, 4.912827743126793, 1.4834812785908909, 1.4834812785908909, -0.61669749036051624, 8.5012677483995507, 9.8932675579037248, 5.38638029622091, 10.271784019790474, 23.280893453645632, 1.5969396468320951, 5.5570627402989086, 3.1001446604667082, 4.7529757669918142, 0.50472843926030775, 4.7462271315808104, 0, 2.9900342334248138, 8.9599544407082394, -5.5931627644947222, 1.4768277497389388, -0.022777600872585485, 9.7111900411960068, -11.192586247741069, 3.9046288981756612], [2.3561160045573901, -0.82846514916679492, -0.3802090621834826, 0.85009830643697581, 1.3300500881075561, 1.6988440983659812, 0.30128409380892734, 0.013020808123287731, 0.67935206790399971, 1.5687752595174058, 0.64055212208896051, -1.0501784363958988, -0.7359768264437283, -0.95520426418714866, 0.64443821598690898, 1.8330444673977777, 1.3377562513236863, 1.892686941568827, 0.88290798110433621, 3.0675780429282327, 1.6846753918316522, 1.8588567856598615, 1.8588567856598615, 1.2532804333651817, 0.85723009525498772, 0.69069758374287904, 0.31970675995823467, 3.1982579658269676, 1.5969396468320951, 23.323807579381203, -1.4594366400699594, 0.61356536867970113, -1.9006442136787725, 1.2998014996726071, 3.8509479452686124, 0, -2.1063903036356479, -0.3936468492512652, -1.2559560207995453, -4.3317861896885219, -0.1231182715348437, 0.34500381084017467, -3.6211534443454414, 0.60332402671630414], [6.668254329603454, 8.3107580775203065, -0.49149634876611858, 2.0236730109898908, 4.2509414646570294, 7.1381977182616358, 0.61624687871680051, -1.1718825557919577, -2.1299966924869511, 0.80309094805336678, -6.4985678779292648, 4.6183121997832188, -0.73254110157003027, 5.8166755827329224, 3.7171213992084486, 5.1196080263972457, 2.1436576232008195, 1.8451622909057244, 0.68116485358286982, 3.1699144474403225, 1.7177223315089956, 2.4436375902375556, 2.4436375902375556, 1.810310154895274, 0.96235158088296824, 1.4215789885896648, 1.7134510795446716, 5.456220838990232, 5.5570627402989086, -1.4594366400699594, 23.280893453645632, 2.8888738459871859, 2.1733214176771689, -2.4163808896869123, 3.6602862637169267, 0, 2.4034164747705069, 7.4519617686546296, -7.9528158891346683, 1.4955966054449417, -3.6072652594679355, 2.0039949405033282, -3.3180289840521109, 9.6642981600432307], [2.8844624903957952, 2.8158630595544163, 0.78578617218802216, 1.8876770085944794, 3.1183753043953644, 1.8856840910760273, 10.005691718035354, 1.1108558300920006, 1.2891986564516609, 6.4754884756646423, -0.47820919767301312, 4.7642472410492331, 4.08419397031071, 5.3748609916078829, 0, 3.7055086625859595, 1.0087654643013726, 0.037194290915128214, 1.2115602127156129, 3.2379438845360586, 0.42199768962047068, 1.4035122359059584, 1.4035122359059584, 1.7264181839590675, 0.93768259606437809, 1.8199685650393527, 2.6763713044740451, 5.0550789086422396, 3.1001446604667082, 0.61356536867970113, 2.8888738459871859, 15.491933384829668, 3.8704268975386529, 2.3346673147761874, 2.6475459986389605, 0, -0.15509699744429545, 7.1123675748992445, -2.8332917039926353, 1.1873811596166874, -0.52030708993064922, 2.7457617946966866, -4.0882907041488394, 2.2427706329511143], [7.4127087766383912, 6.2089731180817127, 1.8659523235851794, 5.9788637121857438, 4.8820479593174486, 6.1637974229146995, 5.2986541382267163, 2.5190767824121623, 3.1612288921277081, 7.9388262267173477, 4.3470955149395261, 7.1917312555771735, 8.5006941276875452, 9.6521994709668384, 4.2922838940713772, 7.0146199909467031, 0.43420198055295472, 0.70014527573372831, 2.8285571058998964, 3.133771355587009, 2.6576014701255222, 1.578440296486959, 1.578440296486959, 0.97251852622777157, 5.8408569873924199, 6.7876893878948623, 5.1047153447424733, 7.4113446039918873, 4.7529757669918142, -1.9006442136787725, 2.1733214176771689, 3.8704268975386529, 23.280893453645632, 4.3639173996716254, 3.634045717208918, 0, 3.3471800930062896, 10.403651471580275, -2.3362779432564396, 0.50169082963566358, 3.6808876467500209, 6.5508434762001038, -6.7619963366762175, 1.2774436447799526], [2.9886381869645815, 2.3467250487179836, 0.62059931316465855, 3.8586228112975633, 0.31129786771916818, 0.40766368805045478, 2.1203652351287894, 6.6354253663227638, 11.930876312866056, 8.1614147367319738, 3.7219047975371704, 0.47468044547404098, 6.0886716475985718, 4.3722876439551905, 1.3318418928977085, 2.8692155280191241, 0.56563564190433491, 0.22576800897069577, 3.2579727389357478, 4.7603511211767602, -1.5933357592840578, -0.99753578279509614, -0.99753578279509614, -0.94819412455468455, 1.0552464696638217, 1.2010597137286043, 4.4348152052213816, 5.6214915972348898, 0.50472843926030775, 1.2998014996726071, -2.4163808896869123, 2.3346673147761874, 4.3639173996716254, 20.904544960366874, 4.0932056576551057, 0, 2.457870315857325, 4.5919136175907944, 2.6745864029234037, 0.81270545753617907, 6.3166584137090664, 1.0811686655123254, -4.6115190272986633, 1.0397980950108321], [6.0829688385110874, 5.4721711322525373, 0.32224730255733353, 5.8814231593015593, 5.7037790071824821, 6.0719976222673644, 2.7865101749791181, 1.2564164468642791, 1.8754640809509875, 3.094318165258418, 0.60887698147099212, 2.358746482301977, 2.6642627464518989, 3.927749384784752, 3.4200244799818189, 7.3154990284158661, 3.0131919870662167, 3.4299885020137957, 2.8173493500623987, 6.0158378959400256, 4.7553278336460343, 3.2281580822661895, 3.2281580822661895, 2.7865445409602092, 4.9865503490597236, 4.4594469512736277, 2.1950336370702619, 7.060756719384818, 4.7462271315808104, 3.8509479452686124, 3.6602862637169267, 2.6475459986389605, 3.634045717208918, 4.0932056576551057, 20.174241001832016, 0, 1.0312481359621977, 6.1431797673496593, -4.4695188989918249, 0.9018935237091531, -0.4418203556005767, 3.0658339619355002, -8.2457760936337863, 5.5630655339657524], [0, 0, 0, 0, 0, 0, 0, 0, 0, 0, 0, 0, 0, 0, 0, 0, 0, 0, 0, 0, 0, 0, 0, 0, 0, 0, 0, 0, 0, 0, 0, 0, 0, 0, 0, 0, 0, 0, 0, 0, 0, 0, 0, 0], [6.663674051899144, 7.6244778752143585, 3.9142488243586193, 2.7551811206172578, 3.0129548741875047, 5.6340387431257763, -0.61455138741100734, 1.6982962584169294, -0.32186835489411247, 2.9125061577049505, 2.8814956254352184, 2.9598712499691646, 4.1437072306605645, 1.6419972164273147, 3.3781743689936548, 3.8372667800445179, 0.15409710937132634, -0.23771872776880007, 0.69673380528609619, 1.2674355944478826, -1.5702770767647232, 0.40902339026563961, 0.40902339026563961, -0.23157604634764298, 5.3956374449411983, 5.5064544192235987, 3.2711696217369863, 3.3688107192594652, 2.9900342334248138, -2.1063903036356479, 2.4034164747705069, -0.15509699744429545, 3.3471800930062896, 2.457870315857325, 1.0312481359621977, 0, 20.396078054371138, 2.1632774258172822, 3.3761217773044301, 3.9830616727040775, 5.2805057562976065, 4.3224072032735963, -2.5835942144958866, 3.7000345348705008], [11.935879470468704, 9.9666286360514409, 0.38237820670469835, 5.9867752288798775, 7.6403858575689334, 8.9150396631461373, 6.3675005569531402, 2.86347165585684, 3.7175305625355186, 7.6134824318730256, -0.36244438520027245, 9.4880276688300444, 8.8741427037347158, 15.829941553463545, 4.631260148057172, 10.370646615906756, 1.3303420995930488, 0.67098974042902104, 1.6055554914135701, 4.6506492028606363, 2.5798759027993898, -0.30511128889902728, -0.30511128889902728, -1.3394267025472841, 5.0973963998792922, 5.856219572988782, 5.284677562906591, 11.860829335298469, 8.9599544407082394, -0.3936468492512652, 7.4519617686546296, 7.1123675748992445, 10.403651471580275, 4.5919136175907944, 6.1431797673496593, 0, 2.1632774258172822, 23.280893453645632, -9.1107787506255367, 1.2385921531860751, 2.8111271836585221, 5.7416163241580538, -10.01354706118533, 5.821168265332985], [-5.8677832834326393, -3.8802974967040793, 1.2352437829190135, -2.098190785159376, -5.1007411122794917, -5.9899025748234038, -1.0503449933377125, 1.1132157410013843, 0.62557309970852715, 1.1839142149203621, 2.1764670822591392, -2.8270047838131398, -0.17971202939048908, -7.199945725465045, -2.1986844047586156, -5.4494449735581867, -0.93193039612316408, -1.508240528867977, -1.6067640479344945, -3.8964343761071181, -4.5001926559248089, -2.3770567064492303, -2.3770567064492303, -1.8994901722821733, -0.72951236225044158, -0.62797512303465286, -0.11171720506241296, -7.2247536562647898, -5.5931627644947222, -1.2559560207995453, -7.9528158891346683, -2.8332917039926353, -2.3362779432564396, 2.6745864029234037, -4.4695188989918249, 0, 3.3761217773044301, -9.1107787506255367, 23.280893453645632, 3.3760070417448995, 2.3261523280252701, -0.56234469180956215, 6.198139977699392, -5.5416578669018675], [0.024022903664368281, 3.8519916616611867, 1.7301336781068839, 0.29365578195493319, 0.9790492641824573, 0.65452674550480494, 0.61316045728159618, -0.78274481081554192, 0.38885877734002061, 1.1179046329621358, -1.5781543443862784, 2.4013665107141935, 2.1096952070372668, 2.7080390445258415, 0.29520230948469195, 1.0840865707060947, 0.55452471284581661, -0.5559408235538662, -1.8532863154799546, -1.4550175228696876, -1.421324505663792, -0.37062484925536854, -0.37062484925536854, -0.34814827623454464, 0.051056847566211351, 0.27917900189934752, -0.019057994169841962, -0.96299773374910558, 1.4768277497389388, -4.3317861896885219, 1.4955966054449417, 1.1873811596166874, 0.50169082963566358, 0.81270545753617907, 0.9018935237091531, 0, 3.9830616727040775, 1.2385921531860751, 3.3760070417448995, 23.323807579381203, -1.0875897933452101, 0.55095608265639828, 1.7224292899061511, 0.57255732589983699], [1.7776881998211944, 1.5901043208870931, 1.3588262432988722, 1.6625485283130725, 0.63337401668409554, 0.78529989632590225, 0.21516934485797828, 5.5103991192870039, 3.9383097000187743, 8.0850207351197145, 9.9141310214031417, 2.9367760193277528, 11.232101331662394, 5.001806945701464, 2.0393304853218859, 1.1250248990642533, -1.6059547497355864, -2.4012542943213258, 1.9092488497174818, 1.0696499755876825, -1.2313485012746668, 0.23929271107859976, 0.23929271107859976, -0.55249846733938901, 3.5628233693359115, 2.7243721596135657, 1.8679627676074433, 2.4260952373362823, -0.022777600872585485, -0.1231182715348437, -3.6072652594679355, -0.52030708993064922, 3.6808876467500209, 6.3166584137090664, -0.4418203556005767, 0, 5.2805057562976065, 2.8111271836585221, 2.3261523280252701, -1.0875897933452101, 23.302360395462085, 0.86723429525411899, -4.0337552966889287, -1.8527853028911163], [8.2302201578049772, 9.3136694724086304, 3.834455425439697, 6.6655123775791445, 6.2911724018146407, 7.745507856248909, 2.3647313023813608, 1.1288796786634612, 3.2838876099113445, 2.93512939588634, 1.9076127814701336, 9.3570213351500708, 5.647516098856519, 4.3288258192074149, 8.1271027671214942, 9.9345630993787228, 3.997393696228472, 1.4544474124616444, 2.2874352794508157, 4.9449644744307104, 2.7653867292490353, 3.7697674445521114, 3.7697674445521114, 1.1264433981510944, 15.466064713519414, 20.570845784477555, 4.3629894365325406, 8.0908633318386247, 9.7111900411960068, 0.34500381084017467, 2.0039949405033282, 2.7457617946966866, 6.5508434762001038, 1.0811686655123254, 3.0658339619355002, 0, 4.3224072032735963, 5.7416163241580538, -0.56234469180956215, 0.55095608265639828, 0.86723429525411899, 23.280893453645636, -8.3234207587931319, 1.5503713907180277], [-10.975955975948356, -7.1461465012813683, 0.30646398698235211, -6.8590989280891508, -6.7532870140121766, -11.12056400593443, -3.5749796611912763, -2.0395776978004636, -3.2110242872732084, -4.698084479206929, -3.1139719141520117, -6.5657313095427963, -5.9993128139425309, -8.9673111552175548, -5.5211090215369456, -10.954969505984211, -1.9844299620459593, -2.6594418750465807, -5.5267813686646416, -11.23413962443372, -5.7171453311939606, -3.3689462959437346, -3.3689462959437346, -1.560522935456615, -8.3870440666626394, -9.1379928811761388, -4.7842139663177443, -15.937764635468797, -11.192586247741069, -3.6211534443454414, -3.3180289840521109, -4.0882907041488394, -6.7619963366762175, -4.6115190272986633, -8.2457760936337863, 0, -2.5835942144958866, -10.01354706118533, 6.198139977699392, 1.7224292899061511, -4.0337552966889287, -8.3234207587931319, 23.259406699226016, -3.2652686525662702], [6.3211987407806633, 5.3537072087291913, 0.44731326151277662, 2.2298250731812161, 3.3738731473177537, 5.4296261393860332, 0.88757577111495944, -0.47149715668835729, 0.39384161899435666, 2.1284455700268068, -6.3993453012896673, 2.2173841105694585, 1.5054232322021148, 4.585287499621951, 3.5294148188271359, 4.4786413457256735, 1.4199652927012636, 1.7568317856755782, 2.0556109010630021, 2.4520525925221124, 1.5101855157283703, 1.587699506949461, 1.587699506949461, 0.4240063201982302, 2.8329836166438138, 2.4548871247846389, 1.3717100376226341, 4.3721117773324636, 3.9046288981756612, 0.60332402671630414, 9.6642981600432307, 2.2427706329511143, 1.2774436447799526, 1.0397980950108321, 5.5630655339657524, 0, 3.7000345348705008, 5.821168265332985, -5.5416578669018675, 0.57255732589983699, -1.8527853028911163, 1.5503713907180277, -3.2652686525662702, 23.280893453645632]]