['ComsxFac', 'ExAggFan', 'ExAggbeh', 'Exhibit', 'Fetish', 'HypSxRat', 'Inhadhd', 'JuvDelFc', 'JuvDrgFc', 'JuvaslFc', 'Masadeq', 'PAAgFan', 'PAFght', 'PAcnang', 'PCD', 'ParaRat', 'Pnchldad', 'Pnchldjv', 'Pnearex', 'Pnheter', 'Pnhomo', 'Pnvio', 'Pnvioad', 'Pnviojv', 'Sadbehr', 'Sadtot', 'Scatol', 'SxPrFAC', 'Voyeur', 'age', 'anxwom', 'attadhd', 'conchr', 'dralcadu', 'erecdys', 'genderversion', 'hoswom', 'impul', 'lkemp', 'lkprtkg', 'negmas', 'sadfanr', 'sxdeny', 'sxperanx']
[[34.205262752974143, 15.225405174277039, 3.7985910919651973, 12.491528791506564, 13.333748985314706, 25.926953864638744, 6.0383147654114628, 2.7632172936387032, 4.8640236881786345, 8.5058158858285218, 4.1224395485900933, 10.945555920475517, 10.362735977643286, 10.669730150482884, 9.3931942325104991, 19.882132451848221, 2.3065404211139007, 1.7042393570503414, 7.5744125385291827, 11.836454661378337, 3.4985554022195009, 2.2242517718057004, 2.2242517718057004, 0.47667231286630263, 13.614305239447649, 14.189226375699823, 10.333556687627098, 23.91379194592286, 16.971044167402699, 1.3588533789709902, 8.5987293201078039, 4.5347011812553184, 11.724416326460874, 5.511446395064282, 5.8478701255316485, 6.5975700735037339, 8.6475207963807303, 15.771728038873082, -4.5482697757534831, 2.0745583260349063, 2.5140840558977828, 11.489545014816485, -18.295785723374713, 6.6795667259166045], [15.225405174277039, 34.23448553724738, 5.3730007600106244, 6.530518658892424, 8.2945677329720393, 11.096774158142743, 4.5855992711941163, 3.3542909349139345, 4.0120049204140438, 8.0347548891474379, 6.6087270292513898, 11.026061512046137, 10.824502815768327, 14.314509137092495, 8.9858325129375967, 11.622861560166196, 4.2895649607182893, 3.1627646654080559, 5.6317273951983529, 4.5958901610651282, 0.8759519101024682, 0.93048538703361305, 0.93048538703361305, 0.24665147621385988, 10.640181492616811, 12.017120546139051, 6.6274145092809666, 11.978694967807925, 9.7619220548436036, 0.8533015146293933, 9.8992592343608443, 2.7048780600741913, 8.4272448402022349, 6.2888853452807503, 4.7689482812712081, -0.47241879791481339, 7.5675358050392658, 14.06861688430174, -4.4511311381839374, 7.3135942548133066, 4.6623876491356686, 10.975480891826216, -11.374059736414042, 9.3235322156992861], [3.7985910919651973, 5.3730007600106244, 24.103941586387901, 7.5984593846138324, 5.913716566789831, 3.5379744781665652, 0.90852604109310209, 9.1667958762333193, 5.8069591329777657, 4.7398807564207592, 1.9130901374409868, 5.3738940425313944, 5.6691660506073438, 0.99274855239031834, 4.8212199290753128, 9.2580825417345842, 13.33720524147267, 10.648380245797934, 1.4862864883243125, 1.2234029218590736, 3.4460103839745795, 3.194910681060656, 3.194910681060656, 3.5698463525368052, 10.218119156416215, 9.8220769951573086, 6.7440291308261191, 1.6830095836392811, 7.3480292240947653, 9.0914043834745204, 1.0572536908042143, 0.78578617218802216, 3.718765632264053, 6.4763573556023788, 1.5142824235642551, -1.3474941367877293, 4.5350288487900716, 2.484287417080203, 0.49024863878465841, 0.85653424262907363, 2.401400956237294, 7.3578663480179145, -1.7694177541853728, 2.0379678952714979], [12.491528791506564, 6.530518658892424, 7.5984593846138324, 30.149626863362677, 11.274239213166442, 10.405536024407613, 3.2707088425948987, 6.2485406163073218, 6.5435602110792992, 5.6025064846075106, 0.47272860213568013, 6.6531885402327715, 6.9177409703585564, 3.5066814122133305, 6.3220724234218579, 23.005226298709218, 8.3572082771343581, 7.7376998957118612, 4.3720068005148418, 5.6800277020224987, 5.2360059270874517, 2.7002858234975657, 2.7002858234975657, 2.0864625549940228, 11.937849683979831, 12.185343691111807, 8.0357310526027401, 9.2305900316334704, 12.90024577059312, 4.7319833497648416, 4.2216518961036504, 2.8001862943870446, 8.063500928543661, 4.7858843679693797, 5.7902061096857143, 0.92777626800390722, 4.3204603672653787, 7.2856682244044118, -1.2505994585613203, 1.2039675966683328, 1.4153337501654601, 10.041128921705438, -8.8593414537915915, 3.3156313742626136], [13.333748985314706, 8.2945677329720393, 5.913716566789831, 11.274239213166442, 34.205262752974143, 13.340706680719032, 4.1144399102606615, 4.9109728646203301, 3.5216851517716252, 7.8170048897611579, 4.3085113998015041, 10.11132853339377, 8.3592467897596521, 5.6668784575334872, 6.6908329760507526, 24.865761441421483, 5.164558487757632, 4.2722831966813501, 3.2408571073737038, 8.1498726371253856, 0.45251625746706403, 0.9904962042554748, 0.9904962042554748, -0.44182091348109426, 8.6437355748743574, 11.499186245368383, 8.6792509848787311, 11.588436835589382, 15.877703717038367, 3.2469013331236063, 6.6991639417938575, 5.1123781569688109, 8.6813535713330499, 2.3089507510751344, 4.5437522672499124, 9.8095842042101449, 6.0436508448916149, 8.8197031784064475, -2.6073551320823123, -0.11215656995476037, 2.3279614929447829, 11.667483156061415, -11.379465061560996, 2.4819360684693903], [25.926953864638744, 11.096774158142743, 3.5379744781665652, 10.405536024407613, 13.340706680719032, 34.263683398023623, 5.0707605358582652, 2.3722821092243742, 3.9193661999648128, 8.6454088374321323, 4.8529114244315776, 11.645165138024208, 10.880335479302271, 8.4555787855294042, 8.8207204553642686, 18.188927017777797, 3.3690838592868375, 2.6540875318677086, 7.0212106226250981, 16.799380568427452, 2.4471962179635072, 3.3905297651859239, 3.3905297651859239, 1.3732710063898113, 12.39241316335521, 13.9296653992521, 9.1591271588501808, 23.168263934246529, 16.652583112754193, 2.3276071341693498, 8.913900188304801, 4.7896908045703563, 11.319225354045127, 3.9739518097399538, 5.2832288810075747, 12.776182644557096, 8.5901448730362855, 11.345331213046201, -0.94124016070757222, 0.79894512276933505, 3.039324155573337, 12.396255407444373, -19.472985901153852, 3.8093121840727782], [6.0383147654114628, 4.5855992711941163, 0.90852604109310209, 3.2707088425948987, 4.1144399102606615, 5.0707605358582652, 25.396850198400589, 1.9816728276035815, 3.404270209425702, 10.838406373788361, 0.85438601174054685, 4.6202514478710688, 7.5569349679386528, 9.2574912695757838, 0, 5.1180847751988106, 0.56041916661023428, 0.38130150226154563, 1.5693230496476875, 4.0673580333702821, -0.31301996266867915, 1.3732237275767831, 1.3732237275767831, 1.9554362578927462, 1.2739123933330689, 2.6910825644953178, 2.7804610072743015, 6.7871892921781125, 3.3533779366495078, 0.32337984838483874, 0.76205179801222933, 14.642288208979275, 8.9990090038696913, 4.0493829307646863, 2.7865101749791181, 3.0821764795377482, 0.23785529841366126, 10.576567021345248, -1.8695694192993217, 1.0814060423559726, 0.8446253705681358, 3.5121291233731213, -6.6035404827514554, 1.191166551743321], [2.7632172936387032, 3.3542909349139345, 9.1667958762333193, 6.2485406163073218, 4.9109728646203301, 2.3722821092243742, 1.9816728276035815, 23.409399821439251, 11.807980613527324, 10.367305377565707, 4.2550914776694988, 5.3043364758628053, 8.4004502338810614, 1.3638363057418008, 3.7436865636117069, 7.7188802260065934, 11.273454461639, 10.643860595574505, 4.2928433110253286, 3.5657074376202238, 2.1493944276749883, 0.25741387949881395, 0.25741387949881395, -0.51339148747576513, 8.344598864158419, 9.3675907130196361, 7.4572542657604428, 2.1983000136785624, 4.9654647743890719, 11.179597128328888, 0.50754918437773311, 0.99593301645088361, 2.9952263830777728, 11.575152541547688, 0.94849517307584519, 2.0984037577752384, 4.2659280031158797, 3.0524896956081822, 2.8641403404596391, -0.25324284335517588, 6.8516223147666526, 8.2063408877842665, -3.9973020814305156, 2.1283116007305773], [4.8640236881786345, 4.0120049204140438, 5.8069591329777657, 6.5435602110792992, 3.5216851517716252, 3.9193661999648128, 3.404270209425702, 11.807980613527324, 23.430749027719962, 9.8704031487449999, 5.0086133001322093, 3.0448151827976146, 7.5890677349793076, 3.7602567631782424, 4.4708413844389616, 6.611983968241625, 8.7250596226152162, 7.7038966033994098, 5.633340903186939, 4.7759527983290475, 1.9498924290193038, -0.32372368757931336, -0.32372368757931336, -0.77289640008026506, 5.5181499234309506, 6.4674535134317619, 5.7861920641126021, 4.5401485308022869, 4.4690535500442996, 6.3252118199378868, -0.70275440034273229, 1.5230047394993826, 4.2438366669534107, 17.510288488199311, 2.5462557091767666, 0.55311611593637067, 1.1940411483957312, 4.7845062022868161, 1.17691102749898, 0.6759250882737764, 6.4208602147423495, 6.2847693688599815, -5.1022271973098086, 3.28146293652622], [8.5058158858285218, 8.0347548891474379, 4.7398807564207592, 5.6025064846075106, 7.8170048897611579, 8.6454088374321323, 10.838406373788361, 10.367305377565707, 9.8704031487449999, 34.26368339802363, 7.5283177957285092, 11.892324714374425, 19.66537067135371, 10.105495392859629, 4.5130491346123298, 9.4913095282854325, 4.2261578213028619, 3.3454365924020273, 6.8759227059211625, 9.4393948635474807, -0.6128829680149408, -0.09837028630644995, -0.09837028630644995, -1.5926046717877163, 4.8519370185921185, 7.6839856276312037, 7.3998077657606771, 9.0045506414433323, 8.1982728438892671, 4.9531300498475863, 3.484633174321448, 10.787617283067522, 11.203576208567583, 11.221353116812647, 2.4142000079641623, 11.935524607666505, 6.207254091879741, 10.349065523264562, 4.8231061165681988, 1.2135899933648204, 10.047366703075223, 8.4272399930091328, -9.6383597928396814, 2.03428137023056], [4.1224395485900933, 6.6087270292513898, 1.9130901374409868, 0.47272860213568013, 4.3085113998015041, 4.8529114244315776, 0.85438601174054685, 4.2550914776694988, 5.0086133001322093, 7.5283177957285092, 34.23448553724738, 0.89192422797310889, 10.743135085754787, 2.409021316334556, 5.1335078286911955, 3.710487047282466, 0.053857160518527271, -0.47316531007750035, 6.804089316834105, 9.2157655344400951, -3.9555763519276264, -0.97085148315379732, -0.97085148315379732, -0.55802713356608202, 3.3524211283247562, 4.059802125440652, 4.9387108013034497, 7.5062090953398064, 3.2885634699441799, -0.83750592072369134, -4.4296110902484722, -1.1501991368759092, 0.93823230640002031, 7.7657848800353984, 0.19924838013319385, 8.2278582166005183, 4.2271651926823726, -1.4808107219370963, 6.3660549631285059, 0.079436431816862413, 15.005072912783158, 3.7542251268138647, -10.583569855037515, -4.1542875649892501], [10.945555920475517, 11.026061512046137, 5.3738940425313944, 6.6531885402327715, 10.11132853339377, 11.645165138024208, 4.6202514478710688, 5.3043364758628053, 3.0448151827976146, 11.892324714374425, 0.89192422797310889, 34.205262752974143, 16.924610658456583, 11.426959592322827, 7.1434661104437573, 13.44162837815546, 4.690446231222432, 2.8060621003691226, 3.128771346543322, 6.4455547770591837, -0.48949861153740193, -0.25058533951217077, -0.25058533951217077, -2.5003812822840428, 8.6824616035335076, 12.919639420895788, 7.613086958612028, 10.091624593138283, 13.329303351747404, 2.9028584480029096, 6.4970893993177627, 5.5972308056086222, 11.249784502433862, 2.8667299553450185, 1.1375134443589912, 10.277665584322875, 5.9460374425884943, 11.635095865848873, 0.29851280654798318, 1.1917031527626596, 4.0036610047461156, 14.275121801646536, -9.6678165642412335, 0.81457833729251017], [10.362735977643286, 10.824502815768327, 5.6691660506073438, 6.9177409703585564, 8.3592467897596521, 10.880335479302271, 7.5569349679386528, 8.4004502338810614, 7.5890677349793076, 19.66537067135371, 10.743135085754787, 16.924610658456583, 34.219877264537345, 14.333007906784529, 6.68876142366934, 11.404780265630125, 3.3217386784321716, 2.273567830898124, 5.852587887911306, 9.4865377811568443, -2.6961301663297395, -0.61900035056872749, -0.61900035056872749, -2.1484097745706419, 8.2206931114143842, 10.814271478571778, 8.3268159867031066, 10.309463296182576, 9.9757002826882957, 2.5792599374428953, 3.2542008366780202, 7.3232847569839352, 12.101223832654291, 9.6587944697875905, 1.4647857085752871, 12.196334035745798, 8.677488761429375, 12.512061065025378, 2.9469398989501077, 2.6770120859514543, 13.759349973584474, 10.489721944486035, -10.862270061277037, 2.2334998605888554], [10.669730150482884, 14.314509137092495, 0.99274855239031834, 3.5066814122133305, 5.6668784575334872, 8.4555787855294042, 9.2574912695757838, 1.3638363057418008, 3.7602567631782424, 10.105495392859629, 2.409021316334556, 11.426959592322827, 14.333007906784529, 34.190641994557517, 5.2626745488097075, 7.473560064249722, 0.55479434000389949, 0.49990848421517187, 2.8337941532051762, 4.9597302780321177, 1.6666969925200055, -1.0067462510927494, -1.0067462510927494, -2.4466408203882088, 2.6859905332510055, 4.1219032608517479, 4.8967871783486565, 13.084612437460285, 6.8240626866861209, -1.3513984919482345, 5.4488924646422854, 5.7354095785718924, 12.587235237907118, 5.7600872427794219, 3.4363230254980324, 0.22649448889160853, 0.22204082485653331, 23.366346242946822, -9.805646869860027, 5.5474313302812419, 4.2144961809399097, 4.646249398448794, -11.828896451451104, 5.2762764552894597], [9.3931942325104991, 8.9858325129375967, 4.8212199290753128, 6.3220724234218579, 6.6908329760507526, 8.8207204553642686, 0, 3.7436865636117069, 4.4708413844389616, 4.5130491346123298, 5.1335078286911955, 7.1434661104437573, 6.68876142366934, 5.2626745488097075, 18.466185312619388, 9.8245737083968976, 2.5706897957042814, 2.2180978674922711, 4.8161716320982393, 7.7644052180768464, 2.2226819012718648, 6.127068172414921, 6.127068172414921, 5.6913803755126366, 12.885825122411511, 12.788726567389441, 7.4460565355516177, 8.1914885565148499, 9.3695912249735898, 1.5273190565936821, 6.3787376460122847, 0, 5.4204659678586182, 3.9269965799524842, 3.1157376665181444, 4.6143168747825953, 5.5394691801161766, 4.9302656072845039, -0.18110322319573094, 0.96566472724267871, 5.2503144315837931, 10.299758105342415, -8.0915009795581234, 5.1426140466926737], [19.882132451848221, 11.622861560166196, 9.2580825417345842, 23.005226298709218, 24.865761441421483, 18.188927017777797, 5.1180847751988106, 7.7188802260065934, 6.611983968241625, 9.4913095282854325, 3.710487047282466, 13.44162837815546, 11.404780265630125, 7.473560064249722, 9.8245737083968976, 34.205262752974143, 8.7924613354438996, 6.9149676357435732, 5.7722393063975463, 11.579587174225715, 3.6291792473988189, 1.9766090220234807, 1.9766090220234807, 0.22482624368908202, 14.593424111246085, 17.311456299413205, 15.886974505652645, 16.928913372619114, 27.482480568652207, 5.5398465545636615, 8.5680477136166555, 4.9726634531291021, 11.721917494739399, 5.6778794639794761, 6.3778193007325168, 8.7144147737256965, 7.6334580110790666, 11.961698973377029, -2.600418121417809, 1.4753170622824632, 2.1956924623787351, 16.028251113363737, -16.584292237107832, 4.1713220252055008], [2.3065404211139007, 4.2895649607182893, 13.33720524147267, 8.3572082771343581, 5.164558487757632, 3.3690838592868375, 0.56041916661023428, 11.273454461639, 8.7250596226152162, 4.2261578213028619, 0.053857160518527271, 4.690446231222432, 3.3217386784321716, 0.55479434000389949, 2.5706897957042814, 8.7924613354438996, 28.948229652260256, 23.577604272598801, 3.2369040842331143, 2.9685814380923614, 6.6100137812141515, 2.834606527805438, 2.834606527805438, 1.5941006551768617, 8.7266070042580299, 9.9304634013949507, 6.5317492680946163, 1.3018933113593008, 5.511586318206704, 12.048831139300711, 2.5056346580768762, 0.12646598216914215, 2.5013352513834177, 5.7914917235348948, 0.99409647177075822, -1.3081832845156363, 2.8709855475005117, 2.1009602624892016, 0.1641393075339205, 0.430627234591136, 0.83604372517309933, 9.057214897676392, -2.2749613822922803, 3.0770036188487744], [1.7042393570503414, 3.1627646654080559, 10.648380245797934, 7.7376998957118612, 4.2722831966813501, 2.6540875318677086, 0.38130150226154563, 10.643860595574505, 7.7038966033994098, 3.3454365924020273, -0.47316531007750035, 2.8060621003691226, 2.273567830898124, 0.49990848421517187, 2.2180978674922711, 6.9149676357435732, 23.577604272598801, 24.637369989509839, 3.2990950094405762, 2.2360788332773729, 6.9175916019982564, 4.9234781092504942, 4.9234781092504942, 5.1206766498573124, 7.1356227419376808, 7.9918883085752839, 5.1622765604453029, 1.1223076585871328, 3.3047991208188718, 10.729049909994664, 2.0417240185109784, -1.1144700898279265, 2.4075554250861071, 5.5072514523687319, 1.2091138333170091, -2.5703101923040057, 2.3843839632171475, 1.5632186557704388, -0.30852672249462482, -0.4904453452067124, 0.48875671970862844, 6.956068019626831, -2.2971261599347366, 3.3305323279451109], [7.5744125385291827, 5.6317273951983529, 1.4862864883243125, 4.3720068005148418, 3.2408571073737038, 7.0212106226250981, 1.5693230496476875, 4.2928433110253286, 5.633340903186939, 6.8759227059211625, 6.804089316834105, 3.128771346543322, 5.852587887911306, 2.8337941532051762, 4.8161716320982393, 5.7722393063975463, 3.2369040842331143, 3.2990950094405762, 24.979991993593593, 12.484968745087436, 7.9765536923056928, 9.1506574818473023, 9.1506574818473023, 10.791389734965254, 3.5369755918137331, 4.1644487759346411, 4.4696277897037699, 8.9590117722742644, 5.9386460626569058, 1.0549189560054721, 4.5746398009274625, 1.976861281157082, 4.0753356262369431, 5.5984973171320815, 2.8450214497821289, 6.4600585289178412, 3.4733727572319206, 2.9053629526765277, 1.0133838038891758, -1.1949650196300912, 6.0982031777648924, 4.1485862249591623, -9.5009927391360254, 3.217110159540324], [11.836454661378337, 4.5958901610651282, 1.2234029218590736, 5.6800277020224987, 8.1498726371253856, 16.799380568427452, 4.0673580333702821, 3.5657074376202238, 4.7759527983290475, 9.4393948635474807, 9.2157655344400951, 6.4455547770591837, 9.4865377811568443, 4.9597302780321177, 7.7644052180768464, 11.579587174225715, 2.9685814380923614, 2.2360788332773729, 12.484968745087436, 30.298514815086232, 3.6361203504516117, 5.064064019086282, 5.064064019086282, 2.4217455637196914, 6.7502901163528293, 8.1976452911029778, 6.4275773997350152, 16.977131555535312, 12.376820199019281, 2.1031768892107916, 6.7645373362793704, 5.0594210627312934, 5.7162519239902059, 6.4808719892577074, 3.6575001487963328, 17.177924953907418, 5.6228550537681148, 4.4827986799164012, 2.3660697384783216, 0.57376372006606147, 5.8598484866368574, 8.7049181343293505, -16.534080570671097, 0.83914840537503066], [3.4985554022195009, 0.8759519101024682, 3.4460103839745795, 5.2360059270874517, 0.45251625746706403, 2.4471962179635072, -0.31301996266867915, 2.1493944276749883, 1.9498924290193038, -0.6128829680149408, -3.9555763519276264, -0.48949861153740193, -2.6961301663297395, 1.6666969925200055, 2.2226819012718648, 3.6291792473988189, 6.6100137812141515, 6.9175916019982564, 7.9765536923056928, 3.6361203504516117, 28.948229652260256, 7.8091928025533832, 7.8091928025533832, 6.8361667904393428, 4.0938683518762895, 3.5116658911048391, 0.80252889156686824, 2.5199975809865096, 2.8197338114230863, 3.9013555668434923, 1.5169644588921372, -2.196315345794821, 1.8804765386713835, -0.021023966092390663, 6.2709148422688408, -11.417984007083058, -2.4852251991338425, 3.4054822781751799, -6.2339193730188907, -2.0586289895504146, -2.3135193503354068, 2.2419151954738088, -3.8662581043624482, 1.650748383290104], [2.2242517718057004, 0.93048538703361305, 3.194910681060656, 2.7002858234975657, 0.9904962042554748, 3.3905297651859239, 1.3732237275767831, 0.25741387949881395, -0.32372368757931336, -0.09837028630644995, -0.97085148315379732, -0.25058533951217077, -0.61900035056872749, -1.0067462510927494, 6.127068172414921, 1.9766090220234807, 2.834606527805438, 4.9234781092504942, 9.1506574818473023, 5.064064019086282, 7.8091928025533832, 29.32575659723036, 29.32575659723036, 25.327009654037532, 3.5150402775292346, 3.4481820828690353, -0.31798238707046145, 0.5031178456059866, 1.5533905672294392, 1.0594543066250697, 4.6219936528025221, 1.6906046404508097, 1.178862868383082, -0.85926086802502499, 2.4272454686918827, -1.6583467053841905, 0.59217662861954445, -0.98633510127698709, -0.9912739285851575, 0.69432218150161473, -0.1166627264735025, 3.0004904898057734, -0.76174482292881096, 1.6961227235462155], [2.2242517718057004, 0.93048538703361305, 3.194910681060656, 2.7002858234975657, 0.9904962042554748, 3.3905297651859239, 1.3732237275767831, 0.25741387949881395, -0.32372368757931336, -0.09837028630644995, -0.97085148315379732, -0.25058533951217077, -0.61900035056872749, -1.0067462510927494, 6.127068172414921, 1.9766090220234807, 2.834606527805438, 4.9234781092504942, 9.1506574818473023, 5.064064019086282, 7.8091928025533832, 29.32575659723036, 29.32575659723036, 25.327009654037532, 3.5150402775292346, 3.4481820828690353, -0.31798238707046145, 0.5031178456059866, 1.5533905672294392, 1.0594543066250697, 4.6219936528025221, 1.6906046404508097, 1.178862868383082, -0.85926086802502499, 2.4272454686918827, -1.6583467053841905, 0.59217662861954445, -0.98633510127698709, -0.9912739285851575, 0.69432218150161473, -0.1166627264735025, 3.0004904898057734, -0.76174482292881096, 1.6961227235462155], [0.47667231286630263, 0.24665147621385988, 3.5698463525368052, 2.0864625549940228, -0.44182091348109426, 1.3732710063898113, 1.9554362578927462, -0.51339148747576513, -0.77289640008026506, -1.5926046717877163, -0.55802713356608202, -2.5003812822840428, -2.1484097745706419, -2.4466408203882088, 5.6913803755126366, 0.22482624368908202, 1.5941006551768617, 5.1206766498573124, 10.791389734965254, 2.4217455637196914, 6.8361667904393428, 25.327009654037532, 25.327009654037532, 26.457513110645905, 1.0164121326237954, 0.76355281652367313, -1.3489091032555383, -1.1575455748063643, -0.46667412948793169, 0.51211169732720574, 4.3237845741239855, 1.3578284404052614, -0.35471797108114661, -0.8453632010385117, 2.5489027859178943, -2.5793857444446786, -0.18168714127754135, -2.214503547923325, -0.81234405278997013, 0.20727190714343516, -0.086120760580097211, 0.65083795834065272, 0.25404806405752428, 1.3185834304324184], [13.614305239447649, 10.640181492616811, 10.218119156416215, 11.937849683979831, 8.6437355748743574, 12.39241316335521, 1.2739123933330689, 8.344598864158419, 5.5181499234309506, 4.8519370185921185, 3.3524211283247562, 8.6824616035335076, 8.2206931114143842, 2.6859905332510055, 12.885825122411511, 14.593424111246085, 8.7266070042580299, 7.1356227419376808, 3.5369755918137331, 6.7502901163528293, 4.0938683518762895, 3.5150402775292346, 3.5150402775292346, 1.0164121326237954, 34.205262752974143, 30.713174335986619, 8.1421888660903434, 9.5886320282617135, 11.844257509916421, 5.6267647596031694, 2.1265765971357626, 1.5743044693544082, 7.5112630021557178, 5.6978783388194341, 6.6071316543243315, 0.095024758341971438, 8.2560561226645053, 5.8515719230385583, 0.90245937575398461, 3.2990057230510832, 3.1836176914465204, 18.929624975779337, -10.203160831784652, 4.0265515486649193], [14.189226375699823, 12.017120546139051, 9.8220769951573086, 12.185343691111807, 11.499186245368383, 13.9296653992521, 2.6910825644953178, 9.3675907130196361, 6.4674535134317619, 7.6839856276312037, 4.059802125440652, 12.919639420895788, 10.814271478571778, 4.1219032608517479, 12.788726567389441, 17.311456299413205, 9.9304634013949507, 7.9918883085752839, 4.1644487759346411, 8.1976452911029778, 3.5116658911048391, 3.4481820828690353, 3.4481820828690353, 0.76355281652367313, 30.713174335986619, 34.20526275297415, 9.2043718030177519, 11.609344939760348, 15.007491407762821, 7.4326347003992712, 2.866736562563867, 3.0846502891432865, 9.769022801934593, 6.3537276063362542, 5.4205366505143164, 4.2032953763407779, 8.6769166000817108, 7.1739985842203957, 1.5128085810322711, 0.67113064687764967, 3.2315555756917687, 29.099985789262679, -12.477516010540189, 3.4239986702879994], [10.333556687627098, 6.6274145092809666, 6.7440291308261191, 8.0357310526027401, 8.6792509848787311, 9.1591271588501808, 2.7804610072743015, 7.4572542657604428, 5.7861920641126021, 7.3998077657606771, 4.9387108013034497, 7.613086958612028, 8.3268159867031066, 4.8967871783486565, 7.4460565355516177, 15.886974505652645, 6.5317492680946163, 5.1622765604453029, 4.4696277897037699, 6.4275773997350152, 0.80252889156686824, -0.31798238707046145, -0.31798238707046145, -1.3489091032555383, 8.1421888660903434, 9.2043718030177519, 34.219877264537345, 9.71884853635353, 9.4286833464137647, 3.9465280121517012, 2.6137912720061922, 2.6775664861776622, 6.8183303759886194, 6.9923666882877091, 2.2123038288809802, 4.3558143191215652, 6.2146019936474461, 5.4756020267281666, 2.1316571752858371, -0.072097839731063304, 2.788663313207683, 7.7256618045051626, -8.7994023684685132, 1.2261206073554756], [23.91379194592286, 11.978694967807925, 1.6830095836392811, 9.2305900316334704, 11.588436835589382, 23.168263934246529, 6.7871892921781125, 2.1983000136785624, 4.5401485308022869, 9.0045506414433323, 7.5062090953398064, 10.091624593138283, 10.309463296182576, 13.084612437460285, 8.1914885565148499, 16.928913372619114, 1.3018933113593008, 1.1223076585871328, 8.9590117722742644, 16.977131555535312, 2.5199975809865096, 0.5031178456059866, 0.5031178456059866, -1.1575455748063643, 9.5886320282617135, 11.609344939760348, 9.71884853635353, 34.190641994557517, 15.339125228155323, 0.1841576299665556, 6.5330446806865865, 6.5933852295843751, 11.224249555390664, 6.9549438405756989, 6.2921409258754837, 9.7944835321905366, 3.8259172432713782, 14.08889721625156, -4.8743549748405366, 0.35988691178848231, 1.6722283657979513, 11.507682658719972, -25.339901236001726, 3.0259257256563901], [16.971044167402699, 9.7619220548436036, 7.3480292240947653, 12.90024577059312, 15.877703717038367, 16.652583112754193, 3.3533779366495078, 4.9654647743890719, 4.4690535500442996, 8.1982728438892671, 3.2885634699441799, 13.329303351747404, 9.9757002826882957, 6.8240626866861209, 9.3695912249735898, 27.482480568652207, 5.511586318206704, 3.3047991208188718, 5.9386460626569058, 12.376820199019281, 2.8197338114230863, 1.5533905672294392, 1.5533905672294392, -0.46667412948793169, 11.844257509916421, 15.007491407762821, 9.4286833464137647, 15.339125228155323, 34.205262752974143, 3.8303243724094069, 8.9797343073633442, 4.0508305579250869, 9.5381469203713536, 3.2975311792905271, 4.2881682982093619, 10.435368075362655, 6.4261548736258414, 10.526585012689038, -2.7452470596913918, 1.5792426313610006, 1.9925365778831789, 14.850264025151146, -16.187996945260942, 3.2862831140092164], [1.3588533789709902, 0.8533015146293933, 9.0914043834745204, 4.7319833497648416, 3.2469013331236063, 2.3276071341693498, 0.32337984838483874, 11.179597128328888, 6.3252118199378868, 4.9531300498475863, -0.83750592072369134, 2.9028584480029096, 2.5792599374428953, -1.3513984919482345, 1.5273190565936821, 5.5398465545636615, 12.048831139300711, 10.729049909994664, 1.0549189560054721, 2.1031768892107916, 3.9013555668434923, 1.0594543066250697, 1.0594543066250697, 0.51211169732720574, 5.6267647596031694, 7.4326347003992712, 3.9465280121517012, 0.1841576299665556, 3.8303243724094069, 34.307433596816885, -0.0048672835055571188, 1.9586161115764043, -0.84728446001354374, 6.3947169428620017, 1.9114614401572523, -1.3829149891065777, 1.6519214577219268, 0.6891684103485417, 0.52778727041926343, -2.8726387214857532, -1.4562542454344516, 6.8480987635768953, -1.1169414542384841, 1.266435620018793], [8.5987293201078039, 9.8992592343608443, 1.0572536908042143, 4.2216518961036504, 6.6991639417938575, 8.913900188304801, 0.76205179801222933, 0.50754918437773311, -0.70275440034273229, 3.484633174321448, -4.4296110902484722, 6.4970893993177627, 3.2542008366780202, 5.4488924646422854, 6.3787376460122847, 8.5680477136166555, 2.5056346580768762, 2.0417240185109784, 4.5746398009274625, 6.7645373362793704, 1.5169644588921372, 4.6219936528025221, 4.6219936528025221, 4.3237845741239855, 2.1265765971357626, 2.866736562563867, 2.6137912720061922, 6.5330446806865865, 8.9797343073633442, -0.0048672835055571188, 34.23448553724738, 2.991747384274821, 3.5833574063789988, -0.58253756268480517, 3.4046503493133109, 5.6685819614707746, 5.8154610101213891, 8.4597617011300024, -6.6803243648133046, 3.292005861856933, -0.60633746082931694, 3.5441426238137792, -4.0434672871677968, 13.787841878790369], [4.5347011812553184, 2.7048780600741913, 0.78578617218802216, 2.8001862943870446, 5.1123781569688109, 4.7896908045703563, 14.642288208979275, 0.99593301645088361, 1.5230047394993826, 10.787617283067522, -1.1501991368759092, 5.5972308056086222, 7.3232847569839352, 5.7354095785718924, 0, 4.9726634531291021, 0.12646598216914215, -1.1144700898279265, 1.976861281157082, 5.0594210627312934, -2.196315345794821, 1.6906046404508097, 1.6906046404508097, 1.3578284404052614, 1.5743044693544082, 3.0846502891432865, 2.6775664861776622, 6.5933852295843751, 4.0508305579250869, 1.9586161115764043, 2.991747384274821, 25.396850198400589, 6.9086145445114813, 4.6206063091305634, 2.6475459986389605, 5.381568563981082, 1.6064854755622993, 8.9917568862321726, -2.2291933637804635, 1.090504442477932, -0.82827560620462604, 3.8879911937583058, -5.4423680901158296, 1.5528594677114922], [11.724416326460874, 8.4272448402022349, 3.718765632264053, 8.063500928543661, 8.6813535713330499, 11.319225354045127, 8.9990090038696913, 2.9952263830777728, 4.2438366669534107, 11.203576208567583, 0.93823230640002031, 11.249784502433862, 12.101223832654291, 12.587235237907118, 5.4204659678586182, 11.721917494739399, 2.5013352513834177, 2.4075554250861071, 4.0753356262369431, 5.7162519239902059, 1.8804765386713835, 1.178862868383082, 1.178862868383082, -0.35471797108114661, 7.5112630021557178, 9.769022801934593, 6.8183303759886194, 11.224249555390664, 9.5381469203713536, -0.84728446001354374, 3.5833574063789988, 6.9086145445114813, 34.219877264537345, 3.6933703661868935, 4.1588763763330041, 7.4564289387246845, 5.8276053309504947, 15.468048847195069, -2.9453167085643148, 0.30911291451504247, 1.0143880635188141, 9.2782929428154706, -10.748419203456301, -0.44987801898699181], [5.511446395064282, 6.2888853452807503, 6.4763573556023788, 4.7858843679693797, 2.3089507510751344, 3.9739518097399538, 4.0493829307646863, 11.575152541547688, 17.510288488199311, 11.221353116812647, 7.7657848800353984, 2.8667299553450185, 9.6587944697875905, 5.7600872427794219, 3.9269965799524842, 5.6778794639794761, 5.7914917235348948, 5.5072514523687319, 5.5984973171320815, 6.4808719892577074, -0.021023966092390663, -0.85926086802502499, -0.85926086802502499, -0.8453632010385117, 5.6978783388194341, 6.3537276063362542, 6.9923666882877091, 6.9549438405756989, 3.2975311792905271, 6.3947169428620017, -0.58253756268480517, 4.6206063091305634, 3.6933703661868935, 29.427877939124322, 4.5686695113908673, 0.92278761822896427, 3.7923824028389075, 6.3759682371973971, 3.1033478797837937, 1.6497826888416893, 8.3831130505833986, 5.3287700954690163, -7.4677215347854125, 4.1533889563872242], [5.8478701255316485, 4.7689482812712081, 1.5142824235642551, 5.7902061096857143, 4.5437522672499124, 5.2832288810075747, 2.7865101749791181, 0.94849517307584519, 2.5462557091767666, 2.4142000079641623, 0.19924838013319385, 1.1375134443589912, 1.4647857085752871, 3.4363230254980324, 3.1157376665181444, 6.3778193007325168, 0.99409647177075822, 1.2091138333170091, 2.8450214497821289, 3.6575001487963328, 6.2709148422688408, 2.4272454686918827, 2.4272454686918827, 2.5489027859178943, 6.6071316543243315, 5.4205366505143164, 2.2123038288809802, 6.2921409258754837, 4.2881682982093619, 1.9114614401572523, 3.4046503493133109, 2.6475459986389605, 4.1588763763330041, 4.5686695113908673, 25.159491250818249, -3.1696611824893051, 0.32083528901381064, 5.9501046541454681, -4.1271249243177177, 0.69542836454180834, -0.92539616419743231, 2.9569537719017682, -8.794550572275643, 3.5107288349870149], [6.5975700735037339, -0.47241879791481339, -1.3474941367877293, 0.92777626800390722, 9.8095842042101449, 12.776182644557096, 3.0821764795377482, 2.0984037577752384, 0.55311611593637067, 11.935524607666505, 8.2278582166005183, 10.277665584322875, 12.196334035745798, 0.22649448889160853, 4.6143168747825953, 8.7144147737256965, -1.3081832845156363, -2.5703101923040057, 6.4600585289178412, 17.177924953907418, -11.417984007083058, -1.6583467053841905, -1.6583467053841905, -2.5793857444446786, 0.095024758341971438, 4.2032953763407779, 4.3558143191215652, 9.7944835321905366, 10.435368075362655, -1.3829149891065777, 5.6685819614707746, 5.381568563981082, 7.4564289387246845, 0.92278761822896427, -3.1696611824893051, 34.307433596816885, 7.1700830166779648, 0.55390892752031418, 9.5958168397046446, -4.2753945627363965, 5.1940202664989821, 7.2724380648393625, -10.027101616823789, -3.8094963064672371], [8.6475207963807303, 7.5675358050392658, 4.5350288487900716, 4.3204603672653787, 6.0436508448916149, 8.5901448730362855, 0.23785529841366126, 4.2659280031158797, 1.1940411483957312, 6.207254091879741, 4.2271651926823726, 5.9460374425884943, 8.677488761429375, 0.22204082485653331, 5.5394691801161766, 7.6334580110790666, 2.8709855475005117, 2.3843839632171475, 3.4733727572319206, 5.6228550537681148, -2.4852251991338425, 0.59217662861954445, 0.59217662861954445, -0.18168714127754135, 8.2560561226645053, 8.6769166000817108, 6.2146019936474461, 3.8259172432713782, 6.4261548736258414, 1.6519214577219268, 5.8154610101213891, 1.6064854755622993, 5.8276053309504947, 3.7923824028389075, 0.32083528901381064, 7.1700830166779648, 32.357379374726875, 2.2525554332940381, 7.9963325330843631, 3.784245298573909, 7.7946485869726683, 6.5538109959770487, -3.3201029035784817, 4.8318849539363331], [15.771728038873082, 14.06861688430174, 2.484287417080203, 7.2856682244044118, 8.8197031784064475, 11.345331213046201, 10.576567021345248, 3.0524896956081822, 4.7845062022868161, 10.349065523264562, -1.4808107219370963, 11.635095865848873, 12.512061065025378, 23.366346242946822, 4.9302656072845039, 11.961698973377029, 2.1009602624892016, 1.5632186557704388, 2.9053629526765277, 4.4827986799164012, 3.4054822781751799, -0.98633510127698709, -0.98633510127698709, -2.214503547923325, 5.8515719230385583, 7.1739985842203957, 5.4756020267281666, 14.08889721625156, 10.526585012689038, 0.6891684103485417, 8.4597617011300024, 8.9917568862321726, 15.468048847195069, 6.3759682371973971, 5.9501046541454681, 0.55390892752031418, 2.2525554332940381, 34.190641994557517, -13.331510586770206, 4.5679617738952354, 1.467706464147118, 6.8198655735723692, -12.530431047137359, 7.3517481410960199], [-4.5482697757534831, -4.4511311381839374, 0.49024863878465841, -1.2505994585613203, -2.6073551320823123, -0.94124016070757222, -1.8695694192993217, 2.8641403404596391, 1.17691102749898, 4.8231061165681988, 6.3660549631285059, 0.29851280654798318, 2.9469398989501077, -9.805646869860027, -0.18110322319573094, -2.600418121417809, 0.1641393075339205, -0.30852672249462482, 1.0133838038891758, 2.3660697384783216, -6.2339193730188907, -0.9912739285851575, -0.9912739285851575, -0.81234405278997013, 0.90245937575398461, 1.5128085810322711, 2.1316571752858371, -4.8743549748405366, -2.7452470596913918, 0.52778727041926343, -6.6803243648133046, -2.2291933637804635, -2.9453167085643148, 3.1033478797837937, -4.1271249243177177, 9.5958168397046446, 7.9963325330843631, -13.331510586770206, 34.249087579087416, 1.5586877164295851, 5.9470105752390081, 1.6159471661434421, 3.59806532188508, -7.2145367870817942], [2.0745583260349063, 7.3135942548133066, 0.85653424262907363, 1.2039675966683328, -0.11215656995476037, 0.79894512276933505, 1.0814060423559726, -0.25324284335517588, 0.6759250882737764, 1.2135899933648204, 0.079436431816862413, 1.1917031527626596, 2.6770120859514543, 5.5474313302812419, 0.96566472724267871, 1.4753170622824632, 0.430627234591136, -0.4904453452067124, -1.1949650196300912, 0.57376372006606147, -2.0586289895504146, 0.69432218150161473, 0.69432218150161473, 0.20727190714343516, 3.2990057230510832, 0.67113064687764967, -0.072097839731063304, 0.35988691178848231, 1.5792426313610006, -2.8726387214857532, 3.292005861856933, 1.090504442477932, 0.30911291451504247, 1.6497826888416893, 0.69542836454180834, -4.2753945627363965, 3.784245298573909, 4.5679617738952354, 1.5586877164295851, 34.307433596816878, -1.0990954043183461, -0.73215454227272814, 0.68942976811541168, 5.4446286232934185], [2.5140840558977828, 4.6623876491356686, 2.401400956237294, 1.4153337501654601, 2.3279614929447829, 3.039324155573337, 0.8446253705681358, 6.8516223147666526, 6.4208602147423495, 10.047366703075223, 15.005072912783158, 4.0036610047461156, 13.759349973584474, 4.2144961809399097, 5.2503144315837931, 2.1956924623787351, 0.83604372517309933, 0.48875671970862844, 6.0982031777648924, 5.8598484866368574, -2.3135193503354068, -0.1166627264735025, -0.1166627264735025, -0.086120760580097211, 3.1836176914465204, 3.2315555756917687, 2.788663313207683, 1.6722283657979513, 1.9925365778831789, -1.4562542454344516, -0.60633746082931694, -0.82827560620462604, 1.0143880635188141, 8.3831130505833986, -0.92539616419743231, 5.1940202664989821, 7.7946485869726683, 1.467706464147118, 5.9470105752390081, -1.0990954043183461, 34.26368339802363, 1.9623492874591619, -4.1537070466956463, 0.61032122645592246], [11.489545014816485, 10.975480891826216, 7.3578663480179145, 10.041128921705438, 11.667483156061415, 12.396255407444373, 3.5121291233731213, 8.2063408877842665, 6.2847693688599815, 8.4272399930091328, 3.7542251268138647, 14.275121801646536, 10.489721944486035, 4.646249398448794, 10.299758105342415, 16.028251113363737, 9.057214897676392, 6.956068019626831, 4.1485862249591623, 8.7049181343293505, 2.2419151954738088, 3.0004904898057734, 3.0004904898057734, 0.65083795834065272, 18.929624975779337, 29.099985789262679, 7.7256618045051626, 11.507682658719972, 14.850264025151146, 6.8480987635768953, 3.5441426238137792, 3.8879911937583058, 9.2782929428154706, 5.3287700954690163, 2.9569537719017682, 7.2724380648393625, 6.5538109959770487, 6.8198655735723692, 1.6159471661434421, -0.73215454227272814, 1.9623492874591619, 34.219877264537345, -11.971773589298001, 2.3396549375235756], [-18.295785723374713, -11.374059736414042, -1.7694177541853728, -8.8593414537915915, -11.379465061560996, -19.472985901153852, -6.6035404827514554, -3.9973020814305156, -5.1022271973098086, -9.6383597928396814, -10.583569855037515, -9.6678165642412335, -10.862270061277037, -11.828896451451104, -8.0915009795581234, -16.584292237107832, -2.2749613822922803, -2.2971261599347366, -9.5009927391360254, -16.534080570671097, -3.8662581043624482, -0.76174482292881096, -0.76174482292881096, 0.25404806405752428, -10.203160831784652, -12.477516010540189, -8.7994023684685132, -25.339901236001726, -16.187996945260942, -1.1169414542384841, -4.0434672871677968, -5.4423680901158296, -10.748419203456301, -7.4677215347854125, -8.794550572275643, -10.027101616823789, -3.3201029035784817, -12.530431047137359, 3.59806532188508, 0.68942976811541168, -4.1537070466956463, -11.971773589298001, 34.176014981270129, -1.9332031829455576], [6.6795667259166045, 9.3235322156992861, 2.0379678952714979, 3.3156313742626136, 2.4819360684693903, 3.8093121840727782, 1.191166551743321, 2.1283116007305773, 3.28146293652622, 2.03428137023056, -4.1542875649892501, 0.81457833729251017, 2.2334998605888554, 5.2762764552894597, 5.1426140466926737, 4.1713220252055008, 3.0770036188487744, 3.3305323279451109, 3.217110159540324, 0.83914840537503066, 1.650748383290104, 1.6961227235462155, 1.6961227235462155, 1.3185834304324184, 4.0265515486649193, 3.4239986702879994, 1.2261206073554756, 3.0259257256563901, 3.2862831140092164, 1.266435620018793, 13.787841878790369, 1.5528594677114922, -0.44987801898699181, 4.1533889563872242, 3.5107288349870149, -3.8094963064672371, 4.8318849539363331, 7.3517481410960199, -7.2145367870817942, 5.4446286232934185, 0.61032122645592246, 2.3396549375235756, -1.9332031829455576, 34.249087579087416]]