['ComsxFac', 'ExAggFan', 'ExAggbeh', 'Exhibit', 'Fetish', 'HypSxRat', 'Inhadhd', 'JuvDelFc', 'JuvDrgFc', 'JuvaslFc', 'Masadeq', 'PAAgFan', 'PAFght', 'PAcnang', 'PCD', 'ParaRat', 'Pnchldad', 'Pnchldjv', 'Pnearex', 'Pnheter', 'Pnhomo', 'Pnvio', 'Pnvioad', 'Pnviojv', 'Sadbehr', 'Sadtot', 'Scatol', 'SxPrFAC', 'Voyeur', 'age', 'anxwom', 'attadhd', 'conchr', 'dralcadu', 'erecdys', 'genderversion', 'hoswom', 'impul', 'lkemp', 'lkprtkg', 'negmas', 'sadfanr', 'sxdeny', 'sxperanx']
[[1.0, 0.49963294079484438, 0.21337271811012862, 0.38785098658678502, 0.43956054532818895, 0.76165250464914647, 0.18463046306388664, 0.053880524554707016, 0.22192737970965476, 0.21900405368572023, 0.060883183693204772, 0.40971882937035886, 0.28776993246796467, 0.32246233135220725, 0.37689547683215902, 0.57592714150811608, 0.21271916729020374, 0.14050164990312192, 0.22532950039878585, 0.29772896952755529, 0.22881379863589271, 0.2068682190922935, 0.2068682190922935, 0.16232068939493394, 0.39963041974758551, 0.44091522532038874, 0.29669451513195499, 0.64443081630191301, 0.48814299470493405, 0.11316619380386878, 0.32975249156909414, 0.20350286558137901, 0.34612595868097751, 0.14877052058229698, 0.3715691139626231, 0.20705368673768232, 0.36139575022498016, 0.49265269227686403, -0.2476925163446955, 0.044835261620454564, 0.084612865307378785, 0.38927264621141427, -0.46656109629488163, 0.28915360680654117], [0.49963294079484438, 1.0, 0.22751274804775498, 0.28606639790318206, 0.35959246653464683, 0.40497097008428851, 0.16323529411764706, 0.072271917252686876, 0.12715860411123553, 0.25207748048722611, 0.068279930488768847, 0.42425227113761521, 0.35540657803408132, 0.39420184001780789, 0.45978504399779196, 0.40114342494105593, 0.17342149188442502, 0.13198828205077337, 0.15160341124915169, 0.11537913278035139, 0.13647691953493726, 0.079754021433378466, 0.079754021433378466, 0.07790399307966818, 0.34519026954140419, 0.36342019214148491, 0.20158161988478474, 0.35336856192266741, 0.36159139657388545, -0.023305518029802696, 0.35633510724870426, 0.19716166801448615, 0.28988994856196865, 0.095615108911020097, 0.28406590120586067, 0.19713560796109797, 0.40860465272461077, 0.44189198981888822, -0.14361283256014309, 0.20917603922824904, 0.07427687301658302, 0.31667100721415198, -0.26383513742715986, 0.25683453462428535], [0.21337271811012862, 0.22751274804775498, 1.0, 0.64603654760659146, 0.53985127736049421, 0.16679549953342571, 0.0097350099406321496, 0.047606924077512304, -0.081960994893004444, 0.040213337618271776, 0.077607792070992165, 0.46661364767129254, 0.12937880492924514, 0.061652398960510953, 0.24749434468725312, 0.36806477908722268, 0.87363598595068159, 0.85004245883851492, -0.13987175188069825, -0.26296504089818923, 0.65475865185500715, 0.1272759469711032, 0.1272759469711032, 0.21185184937836479, 0.39401850709043423, 0.32896702910697467, 0.61877411612467892, -0.077723053467063277, 0.45904115783022675, -0.0033390222653088683, 0.15780086567145055, 0.0096103904196072794, 0.30824291009957144, -0.34860791934351409, 0.1203531916419322, 0.92642780270207359, 0.4453223863702328, 0.093175924126694662, -0.013640224254602217, 0.13127379582197149, -0.042109930024535183, 0.48436415641875946, 0.16496830245626404, 0.16070707890336894], [0.38785098658678502, 0.28606639790318206, 0.64603654760659146, 1.0, 0.52741820948708562, 0.36330080981389051, 0.12547554586688231, 0.20347493752186371, 0.17747868559945443, 0.15429649573300505, 0.07899771049466503, 0.43199704890503832, 0.20360599445497729, 0.1390586680858894, 0.2935188492385622, 0.661629257503347, 0.61067174729480833, 0.55704608927772381, 0.052814687421266528, 0.083345595176994719, 0.51679323270404054, 0.24614329766926529, 0.24614329766926529, 0.29710924573329706, 0.42297411148251862, 0.40039366774730034, 0.53320085462371558, 0.17967616865331346, 0.51609526634374403, 0.095533861150439409, 0.21637417556761529, 0.11399212404627124, 0.37967442766103604, -0.072628147538977977, 0.33951203119560119, 0.6394867750722012, 0.28007330324643048, 0.24785817439775892, -0.15168063599427675, 0.071081360827394899, -0.030377413587148402, 0.48621320651171812, -0.16493070475991267, 0.20948557408900034], [0.43956054532818895, 0.35959246653464683, 0.53985127736049421, 0.52741820948708562, 1.0, 0.38526561975416423, 0.13159259519707464, 0.10967107209552418, 0.15889749706781134, 0.1667479854096138, 0.08305309688990703, 0.44516646090675327, 0.17046144028907942, 0.21272680009609707, 0.21482427150147401, 0.70952278099490784, 0.46711720401485135, 0.40249548165115451, 0.028604022273063724, 0.060412296089258674, 0.45485345738263011, 0.2570627092570808, 0.2570627092570808, 0.30199052771415258, 0.38257982764670528, 0.4070336544400564, 0.40634718177126322, 0.23849824819874815, 0.50956613078145563, 0.090155733350309478, 0.2548676429463001, 0.16065539186385852, 0.3074842042320608, -0.081137188983827963, 0.35664697125143374, 0.51517439573656365, 0.28816486682516013, 0.32670809148017543, -0.19285001352786171, 0.087905333766831198, -0.01215271856969956, 0.49364251128648068, -0.18519786114188017, 0.18796581126624576], [0.76165250464914647, 0.40497097008428851, 0.16679549953342571, 0.36330080981389051, 0.38526561975416423, 1.0, 0.1275395406170246, -0.054991806860918195, 0.12086642080067392, 0.14127410306439755, -0.0011405086324430712, 0.3674489688596399, 0.26049868274338628, 0.30791856421949598, 0.2763513220984728, 0.52427868372391917, 0.24847810879939575, 0.1799898745471703, 0.13670715098784308, 0.40279608519219384, 0.27282023194401528, 0.238662784184803, 0.238662784184803, 0.19516392345778136, 0.34579532088353021, 0.39218274118178936, 0.26377204969545637, 0.59853034626791368, 0.45908832072665245, 0.140726054034996, 0.3133494049782054, 0.1379407628604663, 0.27299350545818035, 0.011315396917470305, 0.34741167499788189, 0.23108496318957339, 0.26676462351897906, 0.37401258511313679, -0.24436307587511899, 0.053545184663741335, 0.03540050451690737, 0.38411335502740346, -0.45439799499658584, 0.27396190414963251], [0.18463046306388664, 0.16323529411764706, 0.0097350099406321496, 0.12547554586688231, 0.13159259519707464, 0.1275395406170246, 1.0, 0.40909090909090906, 0.5174825174825175, 0.46933453705793504, 0.035634295559227876, 0.23983246018072502, 0.25284360606167156, 0.34282725642558282, 0, 0.18886115115502267, 0.073619635657894339, 0.045655429343657544, 0.10954152950718, 0.17766537035893315, 0.00058713506861643677, 0.049713014011038635, 0.049713014011038635, 0.1194398209263617, 0.066803206638303858, 0.12373861678562638, 0.078022924651031972, 0.23146953342006257, 0.069490348440631483, -0.011712876959669438, 0.027978974016384797, 0.63028872029028282, 0.32039661052705598, 0.21336058307889291, 0.20558109394301455, 0.02174950954009618, 0.0067917845795933953, 0.34760644843711541, -0.045031820259484552, 0.024917967325821629, 0.0051780412854389836, 0.16505221335396084, -0.22093192925705846, 0.032842551246439998], [0.053880524554707016, 0.072271917252686876, 0.047606924077512304, 0.20347493752186371, 0.10967107209552418, -0.054991806860918195, 0.40909090909090906, 1.0, 0.24867659677454843, 0.38705241767857507, 0.16939207899404068, 0.1218172004562188, 0.21391680499553761, 0.050662573488726798, 0.098911149354374353, 0.14727552688522144, 0.20009029492274089, 0.20197337910596325, 0.18241621689897553, 0.071709105285955574, 0.091591590370168507, 0.087364348071293382, 0.087364348071293382, 0.059434995929682516, 0.14915815617063047, 0.14027836323271906, 0.2557722627114784, -0.023225877722123218, 0.077134891725559401, 0.14002486528076158, 0.0051492256005798666, 0.46363636363636368, 0.1721191014001498, 0.34958492799436791, 0.17121034678163088, 0.14057798695880949, 0.32216773899926227, 0.1077395366685369, 0.060044323380437824, -0.018386935165185508, 0.29827348126528036, 0.07415842265356927, -0.10892831146794232, 0.15082023448560555], [0.22192737970965476, 0.12715860411123553, -0.081960994893004444, 0.17747868559945443, 0.15889749706781134, 0.12086642080067392, 0.5174825174825175, 0.24867659677454843, 1.0000000000000002, 0.3481855200366033, 0.12273383705807728, 0.073604123088934534, 0.23217860080808625, 0.15828367414511257, 0.15592511184456964, 0.22936341675234048, -0.027994301009069671, -0.080467568930151487, 0.28459387769732597, 0.15490979952728615, -0.030757547692495984, -0.013446899504448584, -0.013446899504448584, 0.0022208662968780874, 0.02832213449823345, 0.16299224234052626, 0.13013736517737831, 0.19696845176335229, 0.15395718075417697, -0.041330457960313219, -0.074044279585510089, 0.47552447552447558, 0.22276857646118919, 0.68935707634611609, 0.065337170413004589, -0.070267389144966372, 0.085780024453366133, 0.21838163069684599, 0.066391325202950088, -0.022103837421836664, 0.26252924828066343, 0.20326932757205096, -0.22747919542339207, 0.02109985388700859], [0.21900405368572023, 0.25207748048722611, 0.040213337618271776, 0.15429649573300505, 0.1667479854096138, 0.14127410306439755, 0.46933453705793504, 0.38705241767857507, 0.3481855200366033, 1.0, 0.16097912919979476, 0.28513221611622985, 0.51309744345081854, 0.3591990772288724, 0.15319132815966924, 0.25684915594471047, 0.00090962995388013407, -0.03603327184435233, 0.2232542404603875, 0.16810029551012165, 0.027117236584612216, 0.084795067724310683, 0.084795067724310683, 0.078024732173077982, 0.15671579668993654, 0.1772606360779348, 0.16366748087574626, 0.22997222966582256, 0.15606243469630293, 0.033568602666852146, 0.066608518027051783, 0.44001111130401571, 0.338401756276833, 0.39820931097325468, 0.18492734719915246, -0.0077367703722536086, 0.14460881711683479, 0.34158294861612032, 0.025555995493166398, 0.040513055439296675, 0.33381799795411016, 0.13155770460493588, -0.21789876309114292, 0.10178213923559359], [0.060883183693204772, 0.068279930488768847, 0.077607792070992165, 0.07899771049466503, 0.08305309688990703, -0.0011405086324430712, 0.035634295559227876, 0.16939207899404068, 0.12273383705807728, 0.16097912919979476, 1.0, 0.040372292817198042, 0.30952406936268995, 0.06283854705460179, 0.11219649469605715, 0.059956847257936541, 0.032151151495934914, 0.034375666893181223, 0.057500967296951755, 0.041813091142548643, -0.068875177166703258, 0.028198036816068132, 0.028198036816068132, 0.058523991408979563, 0.11513006072759434, 0.12795507992048497, 0.052637175170272964, 0.057552828763038098, 0.0087841673241131676, 0.10073687058497202, -0.28568001946193217, -0.028090608628388594, 0.20411603191817501, 0.17286427179172434, 0.036390981218567424, 0.058650972831354932, 0.17629430766544435, -0.010766055904551652, 0.10762827406462605, -0.050631717038057619, 0.41099606744681122, 0.10428132192597342, -0.093914740600771762, -0.25554926528932576], [0.40971882937035886, 0.42425227113761521, 0.46661364767129254, 0.43199704890503832, 0.44516646090675327, 0.3674489688596399, 0.23983246018072502, 0.1218172004562188, 0.073604123088934534, 0.28513221611622985, 0.040372292817198042, 1.0, 0.51385511424583508, 0.4576936427139417, 0.37350634802091115, 0.45205629464613595, 0.379818892454242, 0.33479763613078428, 0.02540951838457562, 0.043697825452202084, 0.2958291664268447, 0.17837035924207995, 0.17837035924207995, 0.13097863208022817, 0.36182096637808525, 0.38354206838399102, 0.34449191307202948, 0.26973438298838009, 0.41055661595718912, 0.042555164678085441, 0.24412302997020227, 0.25197250448296477, 0.3789080895884479, -0.074496310512054451, 0.24433415660596189, 0.38783018512061329, 0.19671999032920981, 0.44875609681740958, -0.16560895105177603, 0.11863984337701855, 0.067511422247115316, 0.42921515427509133, -0.21280796726636397, 0.15855808306349523], [0.28776993246796467, 0.35540657803408132, 0.12937880492924514, 0.20360599445497729, 0.17046144028907942, 0.26049868274338628, 0.25284360606167156, 0.21391680499553761, 0.23217860080808625, 0.51309744345081854, 0.30952406936268995, 0.51385511424583508, 1.0, 0.46657978788609289, 0.24913140890346464, 0.26863785932413098, 0.073082713393576609, 0.036337325283305008, 0.11501651740234702, 0.09864225018231558, 0.021515446932197535, 0.097579824901202858, 0.097579824901202858, 0.086747995786410861, 0.25404374661387363, 0.2770550670958451, 0.18573572619030077, 0.26702077143217073, 0.18420199489828967, -0.038590751916853225, 0.016837317197224012, 0.26974438310889209, 0.39705669051461812, 0.2285627828287691, 0.16707064932217064, 0.098104726413426657, 0.24307715813085115, 0.37843779557065188, -0.033404629856186127, 0.088528590578948144, 0.43709536767552398, 0.23845952933441977, -0.22917304219252915, 0.11466970267582599], [0.32246233135220725, 0.39420184001780789, 0.061652398960510953, 0.1390586680858894, 0.21272680009609707, 0.30791856421949598, 0.34282725642558282, 0.050662573488726798, 0.15828367414511257, 0.3591990772288724, 0.06283854705460179, 0.4576936427139417, 0.46657978788609289, 1.0, 0.25306848069617172, 0.31202368834791178, -0.004243949292045586, 0.0066893266587753466, 0.090744047293029095, 0.22669700591369474, 0.018076939679981582, 0.036996794033347116, 0.036996794033347116, 0.0095711068535511423, 0.11642780340549395, 0.17990717044250334, 0.10698438996930691, 0.42848122428385771, 0.23467456690273442, -0.063191801840711187, 0.23253307103387921, 0.31446854892584652, 0.39710628241585361, 0.19886937265312299, 0.20945269576101219, 0.038042979974330537, 0.070288679802823328, 0.658307052326352, -0.28251055306991019, 0.13897403023621233, 0.2015316511453939, 0.17794708446160248, -0.34957601332020716, 0.15991884564223038], [0.37689547683215902, 0.45978504399779196, 0.24749434468725312, 0.2935188492385622, 0.21482427150147401, 0.2763513220984728, 0, 0.098911149354374353, 0.15592511184456964, 0.15319132815966924, 0.11219649469605715, 0.37350634802091115, 0.24913140890346464, 0.25306848069617172, 1.0, 0.34207742096091609, 0.2080302544887242, 0.18101506904987688, 0.20583675955535252, 0.33779940686863441, 0.23559777688011033, 0.23500936238378198, 0.23500936238378198, 0.2664346772396084, 0.66183123897349316, 0.64515212520700072, 0.21636577155783573, 0.23897755192605341, 0.36264625342295248, 0.14249223409206524, 0.26132821378705717, 0, 0.31742945741468331, 0.20070124503458683, 0.28105842239964629, 0.18105794936736264, 0.48931614961588515, 0.30142681646480718, -0.15422768451472546, 0.03779047742745506, 0.21209587513935341, 0.44008209674102455, -0.3168558084661926, 0.32270865127555715], [0.57592714150811608, 0.40114342494105593, 0.36806477908722268, 0.661629257503347, 0.70952278099490784, 0.52427868372391917, 0.18886115115502267, 0.14727552688522144, 0.22936341675234048, 0.25684915594471047, 0.059956847257936541, 0.45205629464613595, 0.26863785932413098, 0.31202368834791178, 0.34207742096091609, 1.0, 0.3333267382295384, 0.26798151932161096, 0.17772829251320635, 0.28851451139323764, 0.39064721350869114, 0.24639773114862346, 0.24639773114862346, 0.24039432953894685, 0.44268470656234632, 0.50238340712264051, 0.47431092411229459, 0.47113259574298749, 0.79941598376370193, 0.057854266209250466, 0.27166070427056738, 0.26714953763932353, 0.37040677154047402, 0.077383326685281209, 0.43618521711828001, 0.32547379578635399, 0.21760738606600311, 0.44493684211359324, -0.24103009312688281, 0.070605866443055929, 0.027957811159692668, 0.5006083486759848, -0.44047308864955559, 0.24357669001266966], [0.21271916729020374, 0.17342149188442502, 0.87363598595068159, 0.61067174729480833, 0.46711720401485135, 0.24847810879939575, 0.073619635657894339, 0.20009029492274089, -0.027994301009069671, 0.00090962995388013407, 0.032151151495934914, 0.379818892454242, 0.073082713393576609, -0.004243949292045586, 0.2080302544887242, 0.3333267382295384, 1.0, 0.98459662754626154, -0.040048841652233352, -0.047436477895652376, 0.71061831590963709, 0.3208923958011467, 0.3208923958011467, 0.37854063172927088, 0.380031764418096, 0.32116308852308045, 0.57640304837688494, -0.090670326349717972, 0.36649753223207093, 0.17382765561163183, 0.21830572982617702, 0.079093032439365607, 0.27997141921837226, -0.29033123893364121, 0.24139006773277871, 0.91968478917041463, 0.36519470527853104, 0.097213868424081959, -0.062577162714400822, 0.098986496635424179, -0.12307962042663737, 0.48166036534476803, 0.076403894173327214, 0.24742826925290665], [0.14050164990312192, 0.13198828205077337, 0.85004245883851492, 0.55704608927772381, 0.40249548165115451, 0.1799898745471703, 0.045655429343657544, 0.20197337910596325, -0.080467568930151487, -0.03603327184435233, 0.034375666893181223, 0.33479763613078428, 0.036337325283305008, 0.0066893266587753466, 0.18101506904987688, 0.26798151932161096, 0.98459662754626154, 1.0, -0.045075323090515651, -0.072826280689361825, 0.65113550502062811, 0.23954306433817699, 0.23954306433817699, 0.27023412102649785, 0.33962368542288002, 0.29152608874869673, 0.58743472577662281, -0.11309011314566099, 0.28031005393871661, 0.17594691026071402, 0.16108102269746485, 0.037562678382284651, 0.28163548713472336, -0.26953630583125493, 0.15944201357586874, 0.93339988868562662, 0.39043449103032024, 0.061087855963567674, -0.023718487070799248, 0.079190663588937227, -0.12243225186353165, 0.46753250761027454, 0.094449904567273327, 0.1988506887270948], [0.22532950039878585, 0.15160341124915169, -0.13987175188069825, 0.052814687421266528, 0.028604022273063724, 0.13670715098784308, 0.10954152950718, 0.18241621689897553, 0.28459387769732597, 0.2232542404603875, 0.057500967296951755, 0.02540951838457562, 0.11501651740234702, 0.090744047293029095, 0.20583675955535252, 0.17772829251320635, -0.040048841652233352, -0.045075323090515651, 0.99999999999999989, 0.38129704825200911, 0.10706941367951606, 0.20797573836085584, 0.20797573836085584, 0.21713146286584664, 0.092263450089694221, 0.14386868704256342, 0.0026216062124002843, 0.25402872823043932, 0.13239700814107369, 0.0061498735615478032, 0.078796642165722783, 0.10244740231859167, 0.187527626809468, 0.22300413477375619, 0.16143308617470847, -0.083041926551826503, 0.04807190811740554, 0.099587547448735547, -0.078870296269982973, -0.10653210816191575, 0.097459057088400067, 0.089664899907097764, -0.29242438261220643, 0.11991107258006885], [0.29772896952755529, 0.11537913278035139, -0.26296504089818923, 0.083345595176994719, 0.060412296089258674, 0.40279608519219384, 0.17766537035893315, 0.071709105285955574, 0.15490979952728615, 0.16810029551012165, 0.041813091142548643, 0.043697825452202084, 0.09864225018231558, 0.22669700591369474, 0.33779940686863441, 0.28851451139323764, -0.047436477895652376, -0.072826280689361825, 0.38129704825200911, 1.0000000000000002, 0.063962167118710014, 0.24650263146057308, 0.24650263146057308, 0.20739965837800395, 0.17375929184779837, 0.21371174370268184, 0.0614939217728631, 0.49737225768450849, 0.21245529263287879, 0.14259409316383381, 0.1330186966415848, 0.2068358380320692, 0.14569629438419651, 0.25584964920433889, 0.31549168632435426, -0.066475590960131378, 0.041004166587047454, 0.19606170135549292, -0.18624295699649515, -0.055004636631553305, 0.041443711613539769, 0.13547743306917473, -0.50464897035410994, 0.12180986021498226], [0.22881379863589271, 0.13647691953493726, 0.65475865185500715, 0.51679323270404054, 0.45485345738263011, 0.27282023194401528, 0.00058713506861643677, 0.091591590370168507, -0.030757547692495984, 0.027117236584612216, -0.068875177166703258, 0.2958291664268447, 0.021515446932197535, 0.018076939679981582, 0.23559777688011033, 0.39064721350869114, 0.71061831590963709, 0.65113550502062811, 0.10706941367951606, 0.063962167118710014, 1.0, 0.34989165622389307, 0.34989165622389307, 0.38605168401635853, 0.31988873460343037, 0.29677499424427306, 0.43196586853919655, 0.018714476372740877, 0.3805393475883504, 0.12087573027889358, 0.16829700630252101, 0.031229585729985219, 0.22731011497064579, -0.27907953626227655, 0.27056073265426567, 0.71968439577825838, 0.1403065164560463, 0.14161966156325545, -0.20158965983653734, 0.030558523878188623, -0.10901960594980602, 0.41709136137331643, -0.048202867550658876, 0.17848284433636469], [0.2068682190922935, 0.079754021433378466, 0.1272759469711032, 0.24614329766926529, 0.2570627092570808, 0.238662784184803, 0.049713014011038635, 0.087364348071293382, -0.013446899504448584, 0.084795067724310683, 0.028198036816068132, 0.17837035924207995, 0.097579824901202858, 0.036996794033347116, 0.23500936238378198, 0.24639773114862346, 0.3208923958011467, 0.23954306433817699, 0.20797573836085584, 0.24650263146057308, 0.34989165622389307, 1.0, 1.0, 0.95605371494242009, 0.38519953550386432, 0.38558577129024318, 0.25516577262660861, 0.1204890573078003, 0.20401791777684708, 0.18621628047654765, 0.1033048838912513, 0.042499640310893837, 0.13281086980351497, -0.072792202716856089, 0.27411595879114997, 0.30713885389788409, 0.065650054847879946, 0.054582837837306691, -0.13511186382349846, -0.0020457363356918032, 0.040643096556010956, 0.37995617944504151, -0.18451012209060727, 0.17118534295458146], [0.2068682190922935, 0.079754021433378466, 0.1272759469711032, 0.24614329766926529, 0.2570627092570808, 0.238662784184803, 0.049713014011038635, 0.087364348071293382, -0.013446899504448584, 0.084795067724310683, 0.028198036816068132, 0.17837035924207995, 0.097579824901202858, 0.036996794033347116, 0.23500936238378198, 0.24639773114862346, 0.3208923958011467, 0.23954306433817699, 0.20797573836085584, 0.24650263146057308, 0.34989165622389307, 1.0, 1.0, 0.95605371494242009, 0.38519953550386432, 0.38558577129024318, 0.25516577262660861, 0.1204890573078003, 0.20401791777684708, 0.18621628047654765, 0.1033048838912513, 0.042499640310893837, 0.13281086980351497, -0.072792202716856089, 0.27411595879114997, 0.30713885389788409, 0.065650054847879946, 0.054582837837306691, -0.13511186382349846, -0.0020457363356918032, 0.040643096556010956, 0.37995617944504151, -0.18451012209060727, 0.17118534295458146], [0.16232068939493394, 0.07790399307966818, 0.21185184937836479, 0.29710924573329706, 0.30199052771415258, 0.19516392345778136, 0.1194398209263617, 0.059434995929682516, 0.0022208662968780874, 0.078024732173077982, 0.058523991408979563, 0.13097863208022817, 0.086747995786410861, 0.0095711068535511423, 0.2664346772396084, 0.24039432953894685, 0.37854063172927088, 0.27023412102649785, 0.21713146286584664, 0.20739965837800395, 0.38605168401635853, 0.95605371494242009, 0.95605371494242009, 1.0, 0.31715883341165635, 0.31603091825675117, 0.25998523594894229, 0.064042718082093955, 0.17768643261079539, 0.18596468856510889, 0.1070052822070988, 0.081741480696884472, 0.15684235760586451, -0.063041260195814644, 0.22339872162221736, 0.37543218331089961, 0.12560369013359113, 0.061159510731524487, -0.12717853783890568, 0.019891531080517312, 0.054992955030265821, 0.35401109079574306, -0.18194394312061685, 0.16137240986984425], [0.39963041974758551, 0.34519026954140419, 0.39401850709043423, 0.42297411148251862, 0.38257982764670528, 0.34579532088353021, 0.066803206638303858, 0.14915815617063047, 0.02832213449823345, 0.15671579668993654, 0.11513006072759434, 0.36182096637808525, 0.25404374661387363, 0.11642780340549395, 0.66183123897349316, 0.44268470656234632, 0.380031764418096, 0.33962368542288002, 0.092263450089694221, 0.17375929184779837, 0.31988873460343037, 0.38519953550386432, 0.38519953550386432, 0.31715883341165635, 1.0, 0.88197210410334925, 0.36889218362675147, 0.22130502746189215, 0.42380345689467042, 0.1034783631401637, 0.10407994757126113, 0.079835448823881022, 0.30235454885670887, -0.036173994123170183, 0.33421356342248837, 0.36634995806356591, 0.36239724785429339, 0.2281120057960723, -0.083722698216963889, 0.024987723554996195, 0.1250338824606371, 0.55298184307095066, -0.24989264864922217, 0.21495975123556751], [0.44091522532038874, 0.36342019214148491, 0.32896702910697467, 0.40039366774730034, 0.4070336544400564, 0.39218274118178936, 0.12373861678562638, 0.14027836323271906, 0.16299224234052626, 0.1772606360779348, 0.12795507992048497, 0.38354206838399102, 0.2770550670958451, 0.17990717044250334, 0.64515212520700072, 0.50238340712264051, 0.32116308852308045, 0.29152608874869673, 0.14386868704256342, 0.21371174370268184, 0.29677499424427306, 0.38558577129024318, 0.38558577129024318, 0.31603091825675117, 0.88197210410334925, 1.0, 0.3230501988744523, 0.30167345157484621, 0.46993311989471442, 0.099086766646100083, 0.13090999518363156, 0.15883759361485181, 0.33719285947467781, 0.028043728015277727, 0.32529509304357174, 0.29311168868676463, 0.32267632402519775, 0.28698739035469928, -0.10079934532660959, 0.027619485863877542, 0.099497746338254214, 0.79838857221713222, -0.32063305845627771, 0.1720993099678855], [0.29669451513195499, 0.20158161988478474, 0.61877411612467892, 0.53320085462371558, 0.40634718177126322, 0.26377204969545637, 0.078022924651031972, 0.2557722627114784, 0.13013736517737831, 0.16366748087574626, 0.052637175170272964, 0.34449191307202948, 0.18573572619030077, 0.10698438996930691, 0.21636577155783573, 0.47431092411229459, 0.57640304837688494, 0.58743472577662281, 0.0026216062124002843, 0.0614939217728631, 0.43196586853919655, 0.25516577262660861, 0.25516577262660861, 0.25998523594894229, 0.36889218362675147, 0.3230501988744523, 1.0, 0.13113097307789084, 0.37775767806799293, 0.082807207602513824, 0.16183657501447718, 0.096606131992545974, 0.33539971279656833, -0.037422910949160865, 0.21114273041250728, 0.61332569055309327, 0.30744516527649057, 0.18239769381078375, -0.049534282681599907, 0.068263817307957914, 0.007752955155392793, 0.40157392484965382, -0.058620658295307541, 0.19277551513681618], [0.64443081630191301, 0.35336856192266741, -0.077723053467063277, 0.17967616865331346, 0.23849824819874815, 0.59853034626791368, 0.23146953342006257, -0.023225877722123218, 0.19696845176335229, 0.22997222966582256, 0.057552828763038098, 0.26973438298838009, 0.26702077143217073, 0.42848122428385771, 0.23897755192605341, 0.47113259574298749, -0.090670326349717972, -0.11309011314566099, 0.25402872823043932, 0.49737225768450849, 0.018714476372740877, 0.1204890573078003, 0.1204890573078003, 0.064042718082093955, 0.22130502746189215, 0.30167345157484621, 0.13113097307789084, 1.0, 0.3688456064307582, 0.085508986440647181, 0.23988450513481552, 0.33179388910375868, 0.29129713760143494, 0.25549195465039087, 0.35070132433215595, -0.077501175640834946, 0.14414312769472537, 0.46232709393606741, -0.3089002276140142, -0.025905249095484799, 0.074106994376180416, 0.25823109682777262, -0.67963302738387832, 0.17493252995458233], [0.48814299470493405, 0.36159139657388545, 0.45904115783022675, 0.51609526634374403, 0.50956613078145563, 0.45908832072665245, 0.069490348440631483, 0.077134891725559401, 0.15395718075417697, 0.15606243469630293, 0.0087841673241131676, 0.41055661595718912, 0.18420199489828967, 0.23467456690273442, 0.36264625342295248, 0.79941598376370193, 0.36649753223207093, 0.28031005393871661, 0.13239700814107369, 0.21245529263287879, 0.3805393475883504, 0.20401791777684708, 0.20401791777684708, 0.17768643261079539, 0.42380345689467042, 0.46993311989471442, 0.37775767806799293, 0.3688456064307582, 1.0, 0.061844379332673144, 0.2897878254218863, 0.18523610280932457, 0.26452014880132868, -0.065184742249831146, 0.31313787906079993, 0.39276209216172492, 0.24896895273401295, 0.33566681568103451, -0.21477525127473984, 0.099254459625202032, -0.035692941870340465, 0.49347932445429782, -0.36062316076025819, 0.23880606970202012], [0.11316619380386878, -0.023305518029802696, -0.0033390222653088683, 0.095533861150439409, 0.090155733350309478, 0.140726054034996, -0.011712876959669438, 0.14002486528076158, -0.041330457960313219, 0.033568602666852146, 0.10073687058497202, 0.042555164678085441, -0.038590751916853225, -0.063191801840711187, 0.14249223409206524, 0.057854266209250466, 0.17382765561163183, 0.17594691026071402, 0.0061498735615478032, 0.14259409316383381, 0.12087573027889358, 0.18621628047654765, 0.18621628047654765, 0.18596468856510889, 0.1034783631401637, 0.099086766646100083, 0.082807207602513824, 0.085508986440647181, 0.061844379332673144, 1.0, -0.05045896814703893, 0.018820639247209153, -0.0013970520930891234, 0.025341013439226689, 0.26620261762249592, 0.1190514560530482, -0.017736913342356699, -0.029341786968793391, -0.043756750820028091, 0.013006234477165594, 0.014500214062914109, 0.073536084570923227, -0.13105269500014777, -0.013461073428761065], [0.32975249156909414, 0.35633510724870426, 0.15780086567145055, 0.21637417556761529, 0.2548676429463001, 0.3133494049782054, 0.027978974016384797, 0.0051492256005798666, -0.074044279585510089, 0.066608518027051783, -0.28568001946193217, 0.24412302997020227, 0.016837317197224012, 0.23253307103387921, 0.26132821378705717, 0.27166070427056738, 0.21830572982617702, 0.16108102269746485, 0.078796642165722783, 0.1330186966415848, 0.16829700630252101, 0.1033048838912513, 0.1033048838912513, 0.1070052822070988, 0.10407994757126113, 0.13090999518363156, 0.16183657501447718, 0.23988450513481552, 0.2897878254218863, -0.05045896814703893, 1.0, 0.166150100207447, 0.11817354384366854, -0.1466591185334421, 0.1926586105085091, 0.2287740350672775, 0.17702885119071601, 0.31177037773992899, -0.3379172177767672, 0.080840866108235224, -0.15314563200676379, 0.18397513832880796, -0.11794158237330987, 0.46628668316891192], [0.20350286558137901, 0.19716166801448615, 0.0096103904196072794, 0.11399212404627124, 0.16065539186385852, 0.1379407628604663, 0.63028872029028282, 0.46363636363636368, 0.47552447552447558, 0.44001111130401571, -0.028090608628388594, 0.25197250448296477, 0.26974438310889209, 0.31446854892584652, 0, 0.26714953763932353, 0.079093032439365607, 0.037562678382284651, 0.10244740231859167, 0.2068358380320692, 0.031229585729985219, 0.042499640310893837, 0.042499640310893837, 0.081741480696884472, 0.079835448823881022, 0.15883759361485181, 0.096606131992545974, 0.33179388910375868, 0.18523610280932457, 0.018820639247209153, 0.166150100207447, 1.0, 0.25767290179670194, 0.20621162874683999, 0.23193130961300909, 0.025365891768954318, 0.037390406083438944, 0.43262016103512535, -0.16392531908160754, 0.03374624559454157, -0.042180419798954844, 0.20561073801905699, -0.24790179670194437, 0.13936043036461448], [0.34612595868097751, 0.28988994856196865, 0.30824291009957144, 0.37967442766103604, 0.3074842042320608, 0.27299350545818035, 0.32039661052705598, 0.1721191014001498, 0.22276857646118919, 0.338401756276833, 0.20411603191817501, 0.3789080895884479, 0.39705669051461812, 0.39710628241585361, 0.31742945741468331, 0.37040677154047402, 0.27997141921837226, 0.28163548713472336, 0.187527626809468, 0.14569629438419651, 0.22731011497064579, 0.13281086980351497, 0.13281086980351497, 0.15684235760586451, 0.30235454885670887, 0.33719285947467781, 0.33539971279656833, 0.29129713760143494, 0.26452014880132868, -0.0013970520930891234, 0.11817354384366854, 0.25767290179670194, 1.0, 0.19424189402160338, 0.25097415056847105, 0.29492495852236633, 0.18802534552927425, 0.41429251406105627, -0.087702787445455968, 0.032553126360503504, 0.14583180635372495, 0.37181245322731926, -0.26408940059825736, 0.093296648390141734], [0.14877052058229698, 0.095615108911020097, -0.34860791934351409, -0.072628147538977977, -0.081137188983827963, 0.011315396917470305, 0.21336058307889291, 0.34958492799436791, 0.68935707634611609, 0.39820931097325468, 0.17286427179172434, -0.074496310512054451, 0.2285627828287691, 0.19886937265312299, 0.20070124503458683, 0.077383326685281209, -0.29033123893364121, -0.26953630583125493, 0.22300413477375619, 0.25584964920433889, -0.27907953626227655, -0.072792202716856089, -0.072792202716856089, -0.063041260195814644, -0.036173994123170183, 0.028043728015277727, -0.037422910949160865, 0.25549195465039087, -0.065184742249831146, 0.025341013439226689, -0.1466591185334421, 0.20621162874683999, 0.19424189402160338, 1.0, 0.13349858356940511, -0.35468891861259993, 0.17147187555450405, 0.18601505620922035, 0.16064797152365393, 0.0067834576523873027, 0.3176129188668268, -0.067774804051378465, -0.25678641041378436, -0.016218689303344466], [0.3715691139626231, 0.28406590120586067, 0.1203531916419322, 0.33951203119560119, 0.35664697125143374, 0.34741167499788189, 0.20558109394301455, 0.17121034678163088, 0.065337170413004589, 0.18492734719915246, 0.036390981218567424, 0.24433415660596189, 0.16707064932217064, 0.20945269576101219, 0.28105842239964629, 0.43618521711828001, 0.24139006773277871, 0.15944201357586874, 0.16143308617470847, 0.31549168632435426, 0.27056073265426567, 0.27411595879114997, 0.27411595879114997, 0.22339872162221736, 0.33421356342248837, 0.32529509304357174, 0.21114273041250728, 0.35070132433215595, 0.31313787906079993, 0.26620261762249592, 0.1926586105085091, 0.23193130961300909, 0.25097415056847105, 0.13349858356940511, 1.0, 0.20823362811192425, 0.12856645554438917, 0.29928956247414668, -0.21479850942325587, 0.064621086933460165, -0.025129097644310629, 0.26183202248110971, -0.36181283493656718, 0.29622578506959846], [0.20705368673768232, 0.19713560796109797, 0.92642780270207359, 0.6394867750722012, 0.51517439573656365, 0.23108496318957339, 0.02174950954009618, 0.14057798695880949, -0.070267389144966372, -0.0077367703722536086, 0.058650972831354932, 0.38783018512061329, 0.098104726413426657, 0.038042979974330537, 0.18105794936736264, 0.32547379578635399, 0.91968478917041463, 0.93339988868562662, -0.083041926551826503, -0.066475590960131378, 0.71968439577825838, 0.30713885389788409, 0.30713885389788409, 0.37543218331089961, 0.36634995806356591, 0.29311168868676463, 0.61332569055309327, -0.077501175640834946, 0.39276209216172492, 0.1190514560530482, 0.2287740350672775, 0.025365891768954318, 0.29492495852236633, -0.35468891861259993, 0.20823362811192425, 1.0, 0.39023559650889111, 0.09946277575744375, -0.093299135521966628, 0.090070081963547238, -0.092610167448765809, 0.47253827742983262, 0.089496771122979241, 0.23743709205149977], [0.36139575022498016, 0.40860465272461077, 0.4453223863702328, 0.28007330324643048, 0.28816486682516013, 0.26676462351897906, 0.0067917845795933953, 0.32216773899926227, 0.085780024453366133, 0.14460881711683479, 0.17629430766544435, 0.19671999032920981, 0.24307715813085115, 0.070288679802823328, 0.48931614961588515, 0.21760738606600311, 0.36519470527853104, 0.39043449103032024, 0.04807190811740554, 0.041004166587047454, 0.1403065164560463, 0.065650054847879946, 0.065650054847879946, 0.12560369013359113, 0.36239724785429339, 0.32267632402519775, 0.30744516527649057, 0.14414312769472537, 0.24896895273401295, -0.017736913342356699, 0.17702885119071601, 0.037390406083438944, 0.18802534552927425, 0.17147187555450405, 0.12856645554438917, 0.39023559650889111, 1.0, 0.11221205893809351, 0.18868164967562556, 0.24419826511358106, 0.28905511364772873, 0.26729543592429916, -0.048983895448012786, 0.2792187143221716], [0.49265269227686403, 0.44189198981888822, 0.093175924126694662, 0.24785817439775892, 0.32670809148017543, 0.37401258511313679, 0.34760644843711541, 0.1077395366685369, 0.21838163069684599, 0.34158294861612032, -0.010766055904551652, 0.44875609681740958, 0.37843779557065188, 0.658307052326352, 0.30142681646480718, 0.44493684211359324, 0.097213868424081959, 0.061087855963567674, 0.099587547448735547, 0.19606170135549292, 0.14161966156325545, 0.054582837837306691, 0.054582837837306691, 0.061159510731524487, 0.2281120057960723, 0.28698739035469928, 0.18239769381078375, 0.46232709393606741, 0.33566681568103451, -0.029341786968793391, 0.31177037773992899, 0.43262016103512535, 0.41429251406105627, 0.18601505620922035, 0.29928956247414668, 0.09946277575744375, 0.11221205893809351, 1.0, -0.39241796355831843, 0.07096793254265403, 0.11210087233887729, 0.27592259307158179, -0.37767599672299862, 0.23703251860798549], [-0.2476925163446955, -0.14361283256014309, -0.013640224254602217, -0.15168063599427675, -0.19285001352786171, -0.24436307587511899, -0.045031820259484552, 0.060044323380437824, 0.066391325202950088, 0.025555995493166398, 0.10762827406462605, -0.16560895105177603, -0.033404629856186127, -0.28251055306991019, -0.15422768451472546, -0.24103009312688281, -0.062577162714400822, -0.023718487070799248, -0.078870296269982973, -0.18624295699649515, -0.20158965983653734, -0.13511186382349846, -0.13511186382349846, -0.12717853783890568, -0.083722698216963889, -0.10079934532660959, -0.049534282681599907, -0.3089002276140142, -0.21477525127473984, -0.043756750820028091, -0.3379172177767672, -0.16392531908160754, -0.087702787445455968, 0.16064797152365393, -0.21479850942325587, -0.093299135521966628, 0.18868164967562556, -0.39241796355831843, 1.0, 0.13686938913894403, 0.12115689615143106, -0.10488427092990203, 0.25279875164740556, -0.22359658028418194], [0.044835261620454564, 0.20917603922824904, 0.13127379582197149, 0.071081360827394899, 0.087905333766831198, 0.053545184663741335, 0.024917967325821629, -0.018386935165185508, -0.022103837421836664, 0.040513055439296675, -0.050631717038057619, 0.11863984337701855, 0.088528590578948144, 0.13897403023621233, 0.03779047742745506, 0.070605866443055929, 0.098986496635424179, 0.079190663588937227, -0.10653210816191575, -0.055004636631553305, 0.030558523878188623, -0.0020457363356918032, -0.0020457363356918032, 0.019891531080517312, 0.024987723554996195, 0.027619485863877542, 0.068263817307957914, -0.025905249095484799, 0.099254459625202032, 0.013006234477165594, 0.080840866108235224, 0.03374624559454157, 0.032553126360503504, 0.0067834576523873027, 0.064621086933460165, 0.090070081963547238, 0.24419826511358106, 0.07096793254265403, 0.13686938913894403, 1.0, -0.046448504377796455, 0.043549715937514361, 0.064500465707060028, 0.10678534405568522], [0.084612865307378785, 0.07427687301658302, -0.042109930024535183, -0.030377413587148402, -0.01215271856969956, 0.03540050451690737, 0.0051780412854389836, 0.29827348126528036, 0.26252924828066343, 0.33381799795411016, 0.41099606744681122, 0.067511422247115316, 0.43709536767552398, 0.2015316511453939, 0.21209587513935341, 0.027957811159692668, -0.12307962042663737, -0.12243225186353165, 0.097459057088400067, 0.041443711613539769, -0.10901960594980602, 0.040643096556010956, 0.040643096556010956, 0.054992955030265821, 0.1250338824606371, 0.099497746338254214, 0.007752955155392793, 0.074106994376180416, -0.035692941870340465, 0.014500214062914109, -0.15314563200676379, -0.042180419798954844, 0.14583180635372495, 0.3176129188668268, -0.025129097644310629, -0.092610167448765809, 0.28905511364772873, 0.11210087233887729, 0.12115689615143106, -0.046448504377796455, 1.0, -0.013275895159253877, -0.14408354989280023, -0.078842719473650555], [0.38927264621141427, 0.31667100721415198, 0.48436415641875946, 0.48621320651171812, 0.49364251128648068, 0.38411335502740346, 0.16505221335396084, 0.07415842265356927, 0.20326932757205096, 0.13155770460493588, 0.10428132192597342, 0.42921515427509133, 0.23845952933441977, 0.17794708446160248, 0.44008209674102455, 0.5006083486759848, 0.48166036534476803, 0.46753250761027454, 0.089664899907097764, 0.13547743306917473, 0.41709136137331643, 0.37995617944504151, 0.37995617944504151, 0.35401109079574306, 0.55298184307095066, 0.79838857221713222, 0.40157392484965382, 0.25823109682777262, 0.49347932445429782, 0.073536084570923227, 0.18397513832880796, 0.20561073801905699, 0.37181245322731926, -0.067774804051378465, 0.26183202248110971, 0.47253827742983262, 0.26729543592429916, 0.27592259307158179, -0.10488427092990203, 0.043549715937514361, -0.013275895159253877, 1.0, -0.23147869001795376, 0.13712398099665477], [-0.46656109629488163, -0.26383513742715986, 0.16496830245626404, -0.16493070475991267, -0.18519786114188017, -0.45439799499658584, -0.22093192925705846, -0.10892831146794232, -0.22747919542339207, -0.21789876309114292, -0.093914740600771762, -0.21280796726636397, -0.22917304219252915, -0.34957601332020716, -0.3168558084661926, -0.44047308864955559, 0.076403894173327214, 0.094449904567273327, -0.29242438261220643, -0.50464897035410994, -0.048202867550658876, -0.18451012209060727, -0.18451012209060727, -0.18194394312061685, -0.24989264864922217, -0.32063305845627771, -0.058620658295307541, -0.67963302738387832, -0.36062316076025819, -0.13105269500014777, -0.11794158237330987, -0.24790179670194437, -0.26408940059825736, -0.25678641041378436, -0.361812834936567