['ComsxFac', 'ExAggFan', 'ExAggbeh', 'Exhibit', 'Fetish', 'HypSxRat', 'Inhadhd', 'JuvDelFc', 'JuvDrgFc', 'JuvaslFc', 'Masadeq', 'PAAgFan', 'PAFght', 'PAcnang', 'PCD', 'ParaRat', 'Pnchldad', 'Pnchldjv', 'Pnearex', 'Pnheter', 'Pnhomo', 'Pnvio', 'Pnvioad', 'Pnviojv', 'Sadbehr', 'Sadtot', 'Scatol', 'SxPrFAC', 'Voyeur', 'age', 'anxwom', 'attadhd', 'conchr', 'dralcadu', 'erecdys', 'genderversion', 'hoswom', 'impul', 'lkemp', 'lkprtkg', 'negmas', 'sadfanr', 'sxdeny', 'sxperanx']
[[1.0, 0.40037136713706711, 0.061911716746626953, 0.41410330702431725, 0.40799901025887408, 0.76951696966424132, 0.25119255471153423, 0.18179452621465458, 0.17297993697897968, 0.26420014767248562, 0.12284948393142962, 0.37156094058071487, 0.34118392469666015, 0.28329017863715589, 0.44000920016100287, 0.5996750148879707, 0.16465402471020921, 0.075094980900859504, 0.31266031698159646, 0.41629636928158992, 0.090458159787959111, 0.23391062748089547, 0.23391062748089547, 0.18235382864683405, 0.43365754484967806, 0.46922606584393167, 0.30569003601827793, 0.69114858496164377, 0.50449635727278563, 0.069757730248533434, 0.29536649339059884, 0.23431768228673072, 0.37759095598088832, 0.17021118931692983, 0.32002637927220157, 0.314816284792302, 0.31373424913721132, 0.43720018941493805, -0.086775733917999337, 0.074707866012702961, 0.095773472152737529, 0.35536165963509397, -0.52531852167060744, 0.19057875839990518], [0.40037136713706711, 1.0, 0.13380609941671107, 0.19266180236651737, 0.14967011950704684, 0.28973313234034925, 0.20542931405102896, 0.12383033282370208, 0.15412860204292536, 0.23577839207844001, 0.1848498959384029, 0.17657556013431791, 0.29331796678832406, 0.41427090122029009, 0.44301105532504714, 0.27288141971328972, 0.03959087022230684, 0.047718466619763672, 0.21967188398869458, 0.12003928624318702, 0.068400565746112349, 0.050177308994989324, 0.050177308994989324, 0.075934499726818677, 0.20038161306538299, 0.21751389161504883, 0.064912592219261073, 0.31330706042378587, 0.18321740917710377, -0.060657565917158054, 0.28323113667155925, 0.13851587994216105, 0.2513768572299101, 0.18282787858220378, 0.24220383594246334, -0.040082257255102532, 0.22265469952866068, 0.40774986231060384, -0.12273403124499242, 0.21836887274453601, 0.13204415072303158, 0.11440194717636186, -0.29853396452407815, 0.23923247850986087], [0.061911716746626953, 0.13380609941671107, 1.0, 0.63608847048342676, 0.44419634688733234, -0.060550382934408904, 0.0097350099406321496, 0.086557333147586735, -0.041800660780830758, -0.107761175217349, -0.23199531836732057, 0.3905414558543962, 0.010968377088670562, 0.056706109390076684, 0.27825958193206435, 0.19673405928829329, 0.86994697662299481, 0.85774589535781043, -0.21777900304416661, -0.40564604908146501, 0.6430407846585583, 0.11922573951766482, 0.11922573951766482, 0.1994254163204785, 0.39376695242704607, 0.28592562316708814, 0.60490279639710631, -0.21536797741981076, 0.33199351670049249, 0.01533713952860857, -0.0077474694879258029, 0.0096103904196072794, 0.29439863970635477, -0.32903263370638064, 0.19422887582817761, 0.16895321879667366, 0.28940618561063758, 0.13327702154920021, -0.16749435403489946, 0.08897123204105846, -0.20297347023562229, 0.42983829074869379, 0.2954094844884016, 0.17028230743297193], [0.41410330702431725, 0.19266180236651737, 0.63608847048342676, 1.0000000000000002, 0.58678543616544188, 0.33685195454724837, 0.090762765888814656, 0.19506765197842532, 0.14818237831176834, 0.11192053900650753, -0.14007297693667389, 0.50585844129264557, 0.2493576602661961, 0.14319401525705952, 0.34552808621519299, 0.6543898926853523, 0.6413974486886117, 0.58319948787478815, 0.081578773987861605, 0.08489077373992665, 0.39468357229351453, 0.2872067924848522, 0.2872067924848522, 0.28787250636880796, 0.4627897973996461, 0.42604880181100363, 0.60454083361572353, 0.20613992925503274, 0.59576787034369805, 0.092496010989490299, 0.21754562298462507, 0.16506062696891399, 0.44609823087164219, -0.12200457888521958, 0.3501942062496109, 0.37334955938349323, 0.30884413433362651, 0.29121496095327859, -0.14493010224680308, 0.14947365192054862, -0.095690207061079849, 0.53662129731393049, -0.1265086771663983, 0.20059126985458386], [0.40799901025887408, 0.14967011950704684, 0.44419634688733234, 0.58678543616544188, 1.0, 0.37627498917762114, 0.056131023020313559, 0.16262684859143312, 0.116630743095459, 0.21412000559461403, -0.049920796672498748, 0.54722718494968514, 0.30498603022930965, 0.10077850125314446, 0.35544384416107816, 0.70587395884131177, 0.49130712811553784, 0.41408283414627373, 0.087531311272759704, 0.1905817689748909, 0.22695918672470497, 0.29051641688874152, 0.29051641688874152, 0.26708689987450274, 0.40111924277292171, 0.43015201720599144, 0.53851522937364915, 0.25260947877209528, 0.56943211274275174, 0.15622217900326071, 0.21514929619369758, 0.15524828315700615, 0.40643246122876103, -0.15597856300243429, 0.30524871628382122, 0.54406850004348428, 0.3459357193556149, 0.24907198416391951, -0.020867089874080161, 0.00060508668945083899, -0.023449490879447362, 0.57532686805891031, -0.16183097337547614, 0.067889554736867794], [0.76951696966424132, 0.28973313234034925, -0.060550382934408904, 0.33685195454724837, 0.37627498917762114, 1.0, 0.20904178605080478, 0.1293823165610033, 0.17218343540708025, 0.28587951441783527, 0.14164589185982812, 0.34912472518387927, 0.34473991775064633, 0.24661363709431958, 0.35262371038861601, 0.56039269515135881, 0.12994154696609264, 0.01285377388861751, 0.30038172613902958, 0.5748300953974913, 0.045485662465593497, 0.25324915698346534, 0.25324915698346534, 0.19150919549981588, 0.395787484911372, 0.44981895144967804, 0.28985123477535379, 0.68290136571655735, 0.47540319554208088, 0.14161115586023898, 0.24698446977137861, 0.23224035822620254, 0.34246456005548753, 0.13480216665193906, 0.26456234612958601, 0.40843192721366117, 0.24700106063990451, 0.32237308463007752, 0.0082142821932290177, 0.034311717882298427, 0.11168342696350587, 0.36988734862230577, -0.56202273562735228, 0.11117806512239287], [0.25119255471153423, 0.20542931405102896, 0.0097350099406321496, 0.090762765888814656, 0.056131023020313559, 0.20904178605080478, 1.0, 0.30877192982456142, 0.68083003952569165, 0.46078705656069041, 0.050296114401271123, 0.15754757643576769, 0.26556495058744223, 0.36543674423033262, 0, 0.16631281255923133, 0.080822824392874984, 0.021451512892505555, 0.14029596219588969, 0.22048973965056984, -0.04953359165858711, 0.12552291009685543, 0.12552291009685543, 0.14729614195242308, 0.056398488416172163, 0.097069461049470021, 0.047636878804028199, 0.27248490291724348, 0.11604481352151282, 0.01346076187912236, 0.032871515932935032, 0.56456304622854947, 0.34722269052387655, 0.26564897991110392, 0.20558109394301455, 0.10644801798107355, 0.052528320146109642, 0.40406138076508979, -0.05956469846381738, 0.038033181448834129, 0.048431776520943118, 0.087463105797382007, -0.25824452696417716, 0.041968339133265295], [0.18179452621465458, 0.12383033282370208, 0.086557333147586735, 0.19506765197842532, 0.16262684859143312, 0.1293823165610033, 0.30877192982456142, 1.0, 0.30310701443222754, 0.36407622461897426, 0.24931413080440956, 0.1743573417735069, 0.2624717648313889, 0.074159363901687661, 0.19092786778635884, 0.20598790312824394, 0.23160289171849863, 0.21895474608137125, 0.22304972177398597, 0.21150112611497479, 0.057231270526068211, 0.12130717795163164, 0.12130717795163164, 0.11078088115591453, 0.19553991825439268, 0.20750818724503989, 0.2687106460431169, 0.11457047336229072, 0.19621849213917431, 0.14179138923701659, 0.064067773300791012, 0.21578947368421053, 0.15891504325157138, 0.34659322299378686, 0.17656846425556608, 0.23595263674200004, 0.39969717778703379, 0.11097487494957436, 0.10871851546726127, 0.034425011760020191, 0.31749487761886042, 0.14811740871646645, -0.19405495298019992, 0.10168066019743416], [0.17297993697897968, 0.15412860204292536, -0.041800660780830758, 0.14818237831176834, 0.116630743095459, 0.17218343540708025, 0.68083003952569165, 0.30310701443222754, 1.0, 0.36145992653591075, 0.2111004381924621, 0.073719291756865049, 0.26320043802872567, 0.16944691621250196, 0.21478738107361711, 0.17327763696556325, 0.025238930730260206, -0.0071343137556586335, 0.29344000180316482, 0.20546658447957572, 0.008483993744109351, 0.016365930229146494, 0.016365930229146494, 0.023674325432353413, 0.068106359756473431, 0.16109195339780477, 0.09685902944727881, 0.17920726953633495, 0.13746552518121263, -0.0072566275414187344, -0.0093786736577211628, 0.26581027667984186, 0.22214902404444103, 0.71296088109683431, 0.12025108043953506, 0.040875622323510323, 0.11753669631551798, 0.19022514241372682, 0.075280022916734649, -0.0066307686171273575, 0.264888299048883, 0.15408886036383942, -0.24573851942384906, 0.045901639344262293], [0.26420014767248562, 0.23577839207844001, -0.107761175217349, 0.11192053900650753, 0.21412000559461403, 0.28587951441783527, 0.46078705656069041, 0.36407622461897426, 0.36145992653591075, 1.0, 0.21892581778455752, 0.3180173300792864, 0.51457248727805971, 0.32667800782598583, 0.25335094679946374, 0.28699732693657737, -0.030628455019736503, -0.10165700791443924, 0.30622061982960863, 0.33360148058481354, -0.10966261918250172, 0.098369471552419194, 0.098369471552419194, 0.084322422815440154, 0.15006746672194599, 0.20713799173174188, 0.17924319952661297, 0.27937766646445183, 0.22308074610063289, 0.11019463166822389, 0.11927771601964568, 0.43892807615303059, 0.34423400702652124, 0.33342640743202095, 0.12837582864581926, 0.3199484022830924, 0.17657217250761648, 0.32495247349648138, 0.10150683552242615, 0.031005006906733558, 0.28438089275174444, 0.22291430464515513, -0.28670376962734739, 0.041163643532706712], [0.12284948393142962, 0.1848498959384029, -0.23199531836732057, -0.14007297693667389, -0.049920796672498748, 0.14164589185982812, 0.050296114401271123, 0.24931413080440956, 0.2111004381924621, 0.21892581778455752, 1.0, -0.08118814305755491, 0.22277841067145465, 0.074442148960120094, 0.22435681562480442, 0.059461184510401145, -0.22745076292853406, -0.23034793545579724, 0.25487575433147103, 0.2973545019806671, -0.22389025519470912, -0.008744424371126611, -0.008744424371126611, 0.069829926273443671, -0.0023846706707013493, 0.041775916780018171, -0.091498436297139482, 0.1987522597915363, -0.060827847541406729, 0.015750156166521558, -0.16551842808360531, -0.034189548710555052, 0.04458402757926682, 0.30438049000849154, -0.0048647864417840454, 0.065960910249278817, 0.12760547217200061, -0.043952145211787419, 0.20651684733774628, -0.018326261782670033, 0.41877622322341701, -0.059150838065425627, -0.29381181612026153, -0.20811419189153887], [0.37156094058071487, 0.17657556013431791, 0.3905414558543962, 0.50585844129264557, 0.54722718494968514, 0.34912472518387927, 0.15754757643576769, 0.1743573417735069, 0.073719291756865049, 0.3180173300792864, -0.08118814305755491, 1.0, 0.49253464242955797, 0.2763424378099138, 0.37736699865931861, 0.47157588614964208, 0.44893279772079536, 0.34723830601001099, 0.088936955465810347, 0.18432347776014815, 0.087702815428658695, 0.2279452491150547, 0.2279452491150547, 0.13312484190280066, 0.38732913579940281, 0.404885254874772, 0.51564179942402144, 0.21307643631899228, 0.52779355282359519, 0.13241056667269996, 0.20861773604656753, 0.19855325170950763, 0.46713304933568078, -0.13015395164920776, 0.17300905948876938, 0.58394780338254626, 0.31989555982678003, 0.35000024037428679, 0.023379893491421076, 0.00583167895307067, 0.041979643719289958, 0.55670136627300015, -0.12311267322934659, 0.047241353106139333], [0.34118392469666015, 0.29331796678832406, 0.010968377088670562, 0.2493576602661961, 0.30498603022930965, 0.34473991775064633, 0.26556495058744223, 0.2624717648313889, 0.26320043802872567, 0.51457248727805971, 0.22277841067145465, 0.49253464242955797, 1.0, 0.41443531723246269, 0.34559890324396469, 0.35743306791134277, 0.097462999717407989, -0.011599076825202087, 0.26790534220433199, 0.31966290471570918, -0.095576909243026462, 0.13070631208506214, 0.13070631208506214, 0.10519913132354171, 0.27536870403860592, 0.30203871683440303, 0.26781799171169129, 0.26611107906120618, 0.318962802616162, 0.075929505208759546, 0.15590381508371148, 0.27514849231343713, 0.39718283744800564, 0.18663308751788915, 0.10766079499658691, 0.400484357803297, 0.33425382479573157, 0.36830982022106623, 0.068437257048548708, 0.072403076686921489, 0.34098003163735613, 0.31024431849985695, -0.23820515564888917, 0.091067883704205738], [0.28329017863715589, 0.41427090122029009, 0.056706109390076684, 0.14319401525705952, 0.10077850125314446, 0.24661363709431958, 0.36543674423033262, 0.074159363901687661, 0.16944691621250196, 0.32667800782598583, 0.074442148960120094, 0.2763424378099138, 0.41443531723246269, 1.0, 0.23764318507152823, 0.21825595384573321, -0.034964935873112869, -0.038999790604200821, 0.11669640579910577, 0.16685128432083968, 0.039992751505461534, 0.012044861496700783, 0.012044861496700783, -0.03383340631444174, 0.055790473846826893, 0.1010661576140208, 0.056030878180414724, 0.36063376783990353, 0.14148386202155377, -0.086490409216190528, 0.14154329456396555, 0.22156685563197176, 0.35789220144687295, 0.19030719831089771, 0.15212994786408138, -0.0044631420584992894, -0.0061618679352411247, 0.65283846727739769, -0.26791439700758052, 0.15422538184206627, 0.11167787862480669, 0.084258541474930601, -0.33597760284621447, 0.11594273443178373], [0.44000920016100287, 0.44301105532504714, 0.27825958193206435, 0.34552808621519299, 0.35544384416107816, 0.35262371038861601, 0, 0.19092786778635884, 0.21478738107361711, 0.25335094679946374, 0.22435681562480442, 0.37736699865931861, 0.34559890324396469, 0.23764318507152823, 1.0, 0.41888908055890978, 0.2298805787173224, 0.20904057053700303, 0.27217625965912529, 0.33050065218246583, 0.15496212832936496, 0.29353658425864559, 0.29353658425864559, 0.32902122083500163, 0.65730973976255103, 0.6459505672928223, 0.28376353165127755, 0.30485641393461227, 0.43398006833540637, 0.15917731191874807, 0.33444945812867516, 0, 0.29331293560795207, 0.25788005455315177, 0.29377703067143607, 0.25927627417690335, 0.58956463121896685, 0.26180904218455403, -0.0033429269222737712, 0.044605346383035392, 0.31543750699847772, 0.44915004433630218, -0.29081951039406345, 0.31141455501787069], [0.5996750148879707, 0.27288141971328972, 0.19673405928829329, 0.6543898926853523, 0.70587395884131177, 0.56039269515135881, 0.16631281255923133, 0.20598790312824394, 0.17327763696556325, 0.28699732693657737, 0.059461184510401145, 0.47157588614964208, 0.35743306791134277, 0.21825595384573321, 0.41888908055890978, 1.0, 0.29037564951333777, 0.19012903096450526, 0.30045363050136725, 0.42176314762619888, 0.16334818573242141, 0.28288987373328534, 0.28288987373328534, 0.23329660358740223, 0.45297648057457218, 0.50893417414380615, 0.53200011515898948, 0.50822531513820168, 0.78697930571604224, 0.085267915384965642, 0.27912211537548393, 0.18430706620788195, 0.43933104689917279, 0.039535703734372651, 0.35041529517097891, 0.45197209488643697, 0.29049390345781984, 0.34462900181873191, -0.040474492499221859, 0.059929206441987883, 0.027343700377138194, 0.49962130337161653, -0.43803178886141814, 0.13173184790973977], [0.16465402471020921, 0.03959087022230684, 0.86994697662299481, 0.6413974486886117, 0.49130712811553784, 0.12994154696609264, 0.080822824392874984, 0.23160289171849863, 0.025238930730260206, -0.030628455019736503, -0.22745076292853406, 0.44893279772079536, 0.097462999717407989, -0.034964935873112869, 0.2298805787173224, 0.29037564951333777, 1.0, 0.98651818543945791, -0.06351275641019026, -0.075501321427208473, 0.44112771114182686, 0.34926030082461618, 0.34926030082461618, 0.33582089723123004, 0.37206440789550976, 0.29072706536945042, 0.63067626064177451, -0.11695264932320235, 0.40441921568037376, 0.17201857150420946, 0.15610411116851547, 0.12920123228425925, 0.33584876647860862, -0.2890581208367019, 0.26913280314667543, 0.39791524544076234, 0.38954437220307853, 0.12878467890839618, -0.077131883032422355, 0.11288193195144626, -0.1888400338421907, 0.48061775316875111, 0.16982472291628331, 0.1837840009308985], [0.075094980900859504, 0.047718466619763672, 0.85774589535781043, 0.58319948787478815, 0.41408283414627373, 0.01285377388861751, 0.021451512892505555, 0.21895474608137125, -0.0071343137556586335, -0.10165700791443924, -0.23034793545579724, 0.34723830601001099, -0.011599076825202087, -0.038999790604200821, 0.20904057053700303, 0.19012903096450526, 0.98651818543945791, 1.0, -0.070494386319755714, -0.16086222230997918, 0.46667837793057027, 0.2281451504207041, 0.2281451504207041, 0.25143014062960095, 0.33699922671376109, 0.25429591122869061, 0.64011269278643701, -0.17088810231585219, 0.26925360808206045, 0.16335431774340187, 0.068060635627738286, 0.10898738070189931, 0.29444718704260553, -0.24161363041244524, 0.24314072590358812, 0.28606010475321353, 0.411425951095376, 0.088216898104845481, -0.04830901841120161, 0.088610609847076791, -0.19271330096245556, 0.44371706285619528, 0.19955753563703341, 0.19422799251619036], [0.31266031698159646, 0.21967188398869458, -0.21777900304416661, 0.081578773987861605, 0.087531311272759704, 0.30038172613902958, 0.14029596219588969, 0.22304972177398597, 0.29344000180316482, 0.30622061982960863, 0.25487575433147103, 0.088936955465810347, 0.26790534220433199, 0.11669640579910577, 0.27217625965912529, 0.30045363050136725, -0.06351275641019026, -0.070494386319755714, 1.0000000000000002, 0.49141823307060672, 0.14291337485903305, 0.26145643942374125, 0.26145643942374125, 0.26597429351370816, 0.10739459081711959, 0.15227882025501316, 0.020239699077995887, 0.35873846950949723, 0.21533689327197827, 0.088649660451907655, 0.23930319292326591, 0.17169791774577856, 0.19174218302893786, 0.29904725578972524, 0.19068231705388855, 0.18072848499814792, 0.20707317451580506, 0.13559491042433006, 0.063244628668776934, -0.072112161995308066, 0.26300422274354862, 0.088088771622199094, -0.39185704974392782, 0.13140079419117678], [0.41629636928158992, 0.12003928624318702, -0.40564604908146501, 0.08489077373992665, 0.1905817689748909, 0.5748300953974913, 0.22048973965056984, 0.21150112611497479, 0.20546658447957572, 0.33360148058481354, 0.2973545019806671, 0.18432347776014815, 0.31966290471570918, 0.16685128432083968, 0.33050065218246583, 0.42176314762619888, -0.075501321427208473, -0.16086222230997918, 0.49141823307060672, 1.0, -0.072313105741226041, 0.27624941314715112, 0.27624941314715112, 0.23491902536954681, 0.18479173875632396, 0.25173612780910776, 0.11581849023932798, 0.57101949296041155, 0.34468807376383431, 0.16114898281922529, 0.21964652529791587, 0.26569408017072349, 0.20052128556621077, 0.27486333482315845, 0.17210684423624073, 0.48240594085998167, 0.20590147502324041, 0.14381697317597752, 0.094100662365682972, -0.00096888689162851393, 0.2073866928370442, 0.20891453457507422, -0.54613820310084571, 0.0038096352355847284], [0.090458159787959111, 0.068400565746112349, 0.6430407846585583, 0.39468357229351453, 0.22695918672470497, 0.045485662465593497, -0.04953359165858711, 0.057231270526068211, 0.008483993744109351, -0.10966261918250172, -0.22389025519470912, 0.087702815428658695, -0.095576909243026462, 0.039992751505461534, 0.15496212832936496, 0.16334818573242141, 0.44112771114182686, 0.46667837793057027, 0.14291337485903305, -0.072313105741226041, 1.0, 0.27989940939910252, 0.27989940939910252, 0.33842105805490369, 0.21784839669736289, 0.16844288085561693, 0.25208164786395676, -0.034888706699670348, 0.15608404546454233, 0.10760790746413494, 0.05948473480573966, -0.10055426319394579, 0.12593444483447136, -0.16263159416696757, 0.33454309595304427, -0.17213192801842994, -0.039050264037726601, 0.14565437082514049, -0.25783836067233762, -0.0067282362400327353, -0.15996328260359136, 0.2158142082156983, 0.022797227634828145, 0.13028813609061674], [0.23391062748089547, 0.050177308994989324, 0.11922573951766482, 0.2872067924848522, 0.29051641688874152, 0.25324915698346534, 0.12552291009685543, 0.12130717795163164, 0.016365930229146494, 0.098369471552419194, -0.008744424371126611, 0.2279452491150547, 0.13070631208506214, 0.012044861496700783, 0.29353658425864559, 0.28288987373328534, 0.34926030082461618, 0.2281451504207041, 0.26145643942374125, 0.27624941314715112, 0.27989940939910252, 1.0, 1.0, 0.95296399730261827, 0.3752441382977158, 0.36592962975475329, 0.31860927706847514, 0.12259830647295127, 0.28040073264939408, 0.19644968516408812, 0.16677713202939273, 0.091802860990790963, 0.16877364121608882, -0.028297731474037063, 0.28046256752687171, 0.21279696599889122, 0.14501031129752692, 0.0735486793844774, -0.05167524897335115, 0.018364426706778913, 0.040978673641407878, 0.39465070693055737, -0.11549286499533652, 0.12487912228551695], [0.23391062748089547, 0.050177308994989324, 0.11922573951766482, 0.2872067924848522, 0.29051641688874152, 0.25324915698346534, 0.12552291009685543, 0.12130717795163164, 0.016365930229146494, 0.098369471552419194, -0.008744424371126611, 0.2279452491150547, 0.13070631208506214, 0.012044861496700783, 0.29353658425864559, 0.28288987373328534, 0.34926030082461618, 0.2281451504207041, 0.26145643942374125, 0.27624941314715112, 0.27989940939910252, 1.0, 1.0, 0.95296399730261827, 0.3752441382977158, 0.36592962975475329, 0.31860927706847514, 0.12259830647295127, 0.28040073264939408, 0.19644968516408812, 0.16677713202939273, 0.091802860990790963, 0.16877364121608882, -0.028297731474037063, 0.28046256752687171, 0.21279696599889122, 0.14501031129752692, 0.0735486793844774, -0.05167524897335115, 0.018364426706778913, 0.040978673641407878, 0.39465070693055737, -0.11549286499533652, 0.12487912228551695], [0.18235382864683405, 0.075934499726818677, 0.1994254163204785, 0.28787250636880796, 0.26708689987450274, 0.19150919549981588, 0.14729614195242308, 0.11078088115591453, 0.023674325432353413, 0.084322422815440154, 0.069829926273443671, 0.13312484190280066, 0.10519913132354171, -0.03383340631444174, 0.32902122083500163, 0.23329660358740223, 0.33582089723123004, 0.25143014062960095, 0.26597429351370816, 0.23491902536954681, 0.33842105805490369, 0.95296399730261827, 0.95296399730261827, 1.0, 0.30218434686124579, 0.30292558751552567, 0.2729964875757942, 0.082319040045861144, 0.21461279412210205, 0.17715961519454998, 0.18234141868068354, 0.064675022468700577, 0.12104377665465629, 0.0063739454132837464, 0.23975045839298723, 0.17638031331259277, 0.20669291077665336, 0.039308867722083592, -0.015474501026845555, 0.02474212629588457, 0.11340754339731889, 0.36132777140541905, -0.12866048525647894, 0.14752912323727777], [0.43365754484967806, 0.20038161306538299, 0.39376695242704607, 0.4627897973996461, 0.40111924277292171, 0.395787484911372, 0.056398488416172163, 0.19553991825439268, 0.068106359756473431, 0.15006746672194599, -0.0023846706707013493, 0.38732913579940281, 0.27536870403860592, 0.055790473846826893, 0.65730973976255103, 0.45297648057457218, 0.37206440789550976, 0.33699922671376109, 0.10739459081711959, 0.18479173875632396, 0.21784839669736289, 0.3752441382977158, 0.3752441382977158, 0.30218434686124579, 1.0, 0.91371981312101069, 0.42358353084842038, 0.24171323918473456, 0.46453406753370446, 0.13779339904101481, 0.1104010838880979, 0.09590993920130636, 0.34071365344497984, -0.016263610217180965, 0.37548667476774072, 0.30136960339509977, 0.35792753546028294, 0.18099144177398627, 0.040111138539729689, 0.025118464565786827, 0.060795146599285539, 0.52909841581277528, -0.19882604106453131, 0.10823593005054165], [0.46922606584393167, 0.21751389161504883, 0.28592562316708814, 0.42604880181100363, 0.43015201720599144, 0.44981895144967804, 0.097069461049470021, 0.20750818724503989, 0.16109195339780477, 0.20713799173174188, 0.041775916780018171, 0.404885254874772, 0.30203871683440303, 0.1010661576140208, 0.6459505672928223, 0.50893417414380615, 0.29072706536945042, 0.25429591122869061, 0.15227882025501316, 0.25173612780910776, 0.16844288085561693, 0.36592962975475329, 0.36592962975475329, 0.30292558751552567, 0.91371981312101069, 1.0, 0.39390624256315587, 0.32687763867117486, 0.49385430301173533, 0.15269067162172498, 0.13351247411802644, 0.12726819586802163, 0.37083523665031864, 0.039451799764426629, 0.34900553985533511, 0.33360420795593149, 0.32934039280472205, 0.2213144086657334, 0.033920102850389162, 0.0077993467368432214, 0.069041474300299083, 0.72343422313507755, -0.28514550643053088, 0.079354220304429193], [0.30569003601827793, 0.064912592219261073, 0.60490279639710631, 0.60454083361572353, 0.53851522937364915, 0.28985123477535379, 0.047636878804028199, 0.2687106460431169, 0.09685902944727881, 0.17924319952661297, -0.091498436297139482, 0.51564179942402144, 0.26781799171169129, 0.056030878180414724, 0.28376353165127755, 0.53200011515898948, 0.63067626064177451, 0.64011269278643701, 0.020239699077995887, 0.11581849023932798, 0.25208164786395676, 0.31860927706847514, 0.31860927706847514, 0.2729964875757942, 0.42358353084842038, 0.39390624256315587, 1.0, 0.1462720727444704, 0.5167923403762571, 0.17860239621547452, 0.12951395248956041, 0.10418505372647575, 0.42141103325703866, -0.12705411809709227, 0.23854174611138038, 0.53551688186331425, 0.38775383051683621, 0.1524023757392636, 0.059251064399664093, -0.029478185402499676, -0.040884015019187259, 0.54581961894226727, -0.050693465643682829, 0.057145073502260703], [0.69114858496164377, 0.31330706042378587, -0.21536797741981076, 0.20613992925503274, 0.25260947877209528, 0.68290136571655735, 0.27248490291724348, 0.11457047336229072, 0.17920726953633495, 0.27937766646445183, 0.1987522597915363, 0.21307643631899228, 0.26611107906120618, 0.36063376783990353, 0.30485641393461227, 0.50822531513820168, -0.11695264932320235, -0.17088810231585219, 0.35873846950949723, 0.57101949296041155, -0.034888706699670348, 0.12259830647295127, 0.12259830647295127, 0.082319040045861144, 0.24171323918473456, 0.32687763867117486, 0.1462720727444704, 1.0, 0.36852720871669276, 0.065423165410861253, 0.19549350794121528, 0.27653891366922284, 0.32200127067857359, 0.25042403804303831, 0.26667969954237952, 0.2198910698849178, 0.099380936681333534, 0.38952106324758284, -0.13242302839751777, 0.015978084475336544, 0.047060109796964851, 0.23432327727504496, -0.74333875676273109, 0.053659758610131836], [0.50449635727278563, 0.18321740917710377, 0.33199351670049249, 0.59576787034369805, 0.56943211274275174, 0.47540319554208088, 0.11604481352151282, 0.19621849213917431, 0.13746552518121263, 0.22308074610063289, -0.060827847541406729, 0.52779355282359519, 0.318962802616162, 0.14148386202155377, 0.43398006833540637, 0.78697930571604224, 0.40441921568037376, 0.26925360808206045, 0.21533689327197827, 0.34468807376383431, 0.15608404546454233, 0.28040073264939408, 0.28040073264939408, 0.21461279412210205, 0.46453406753370446, 0.49385430301173533, 0.5167923403762571, 0.36852720871669276, 1.0, 0.11480675813939262, 0.28580286522983539, 0.1724744211731086, 0.40495805903231874, -0.10230313596968792, 0.27552183703745203, 0.55513991676747299, 0.35462344250719197, 0.28314305455024019, -0.039003139730804805, 0.054708772974035785, -0.014760022095990637, 0.55076245159852499, -0.28668587595534212, 0.11536726848477385], [0.069757730248533434, -0.060657565917158054, 0.01533713952860857, 0.092496010989490299, 0.15622217900326071, 0.14161115586023898, 0.01346076187912236, 0.14179138923701659, -0.0072566275414187344, 0.11019463166822389, 0.015750156166521558, 0.13241056667269996, 0.075929505208759546, -0.086490409216190528, 0.15917731191874807, 0.085267915384965642, 0.17201857150420946, 0.16335431774340187, 0.088649660451907655, 0.16114898281922529, 0.10760790746413494, 0.19644968516408812, 0.19644968516408812, 0.17715961519454998, 0.13779339904101481, 0.15269067162172498, 0.17860239621547452, 0.065423165410861253, 0.11480675813939262, 1.0, 0.057933696481635599, 0.081802257383183183, 0.048534173448849215, 0.055690352968522219, 0.2572792332732724, 0.20195619015550967, 0.094890844759263279, -0.0082201095325531385, 0.020560858467568957, -0.08015538957020639, 0.0037797005534008095, 0.20224572616565692, -0.074081737570743655, -0.040946144196178945], [0.29536649339059884, 0.28323113667155925, -0.0077474694879258029, 0.21754562298462507, 0.21514929619369758, 0.24698446977137861, 0.032871515932935032, 0.064067773300791012, -0.0093786736577211628, 0.11927771601964568, -0.16551842808360531, 0.20861773604656753, 0.15590381508371148, 0.14154329456396555, 0.33444945812867516, 0.27912211537548393, 0.15610411116851547, 0.068060635627738286, 0.23930319292326591, 0.21964652529791587, 0.05948473480573966, 0.16677713202939273, 0.16677713202939273, 0.18234141868068354, 0.1104010838880979, 0.13351247411802644, 0.12951395248956041, 0.19549350794121528, 0.28580286522983539, 0.057933696481635599, 1.0, 0.11781358623543045, 0.12676117966220354, -0.031663604206621912, 0.17581678943496806, 0.2093603784083598, 0.22996676344144706, 0.23904388272979857, -0.17886743620485504, 0.10565350127536582, 0.0013469220389427247, 0.17125326871642119, -0.090393235432856517, 0.4255906302040055], [0.23431768228673072, 0.13851587994216105, 0.0096103904196072794, 0.16506062696891399, 0.15524828315700615, 0.23224035822620254, 0.56456304622854947, 0.21578947368421053, 0.26581027667984186, 0.43892807615303059, -0.034189548710555052, 0.19855325170950763, 0.27514849231343713, 0.22156685563197176, 0, 0.18430706620788195, 0.12920123228425925, 0.10898738070189931, 0.17169791774577856, 0.26569408017072349, -0.10055426319394579, 0.091802860990790963, 0.091802860990790963, 0.064675022468700577, 0.09590993920130636, 0.12726819586802163, 0.10418505372647575, 0.27653891366922284, 0.1724744211731086, 0.081802257383183183, 0.11781358623543045, 1.0, 0.28716016331529848, 0.23896856189519472, 0.23193130961300909, 0.20931207457172643, 0.11982376687570349, 0.36078736459317529, -0.066614249748791932, 0.042939875114539457, -0.024290280211919799, 0.1266555666514389, -0.20326084170127368, 0.07249974109786636], [0.37759095598088832, 0.2513768572299101, 0.29439863970635477, 0.44609823087164219, 0.40643246122876103, 0.34246456005548753, 0.34722269052387655, 0.15891504325157138, 0.22214902404444103, 0.34423400702652124, 0.04458402757926682, 0.46713304933568078, 0.39718283744800564, 0.35789220144687295, 0.29331293560795207, 0.43933104689917279, 0.33584876647860862, 0.29444718704260553, 0.19174218302893786, 0.20052128556621077, 0.12593444483447136, 0.16877364121608882, 0.16877364121608882, 0.12104377665465629, 0.34071365344497984, 0.37083523665031864, 0.42141103325703866, 0.32200127067857359, 0.40495805903231874, 0.048534173448849215, 0.12676117966220354, 0.28716016331529848, 1.0, 0.069312736335958192, 0.22271744731762791, 0.3807521655491507, 0.20625533453460712, 0.43741585773207459, -0.085785146226179956, 0.018164082744981193, 0.034473784765388163, 0.43096629351864663, -0.26747973775106609, 0.032308620488263336], [0.17021118931692983, 0.18282787858220378, -0.32903263370638064, -0.12200457888521958, -0.15597856300243429, 0.13480216665193906, 0.26564897991110392, 0.34659322299378686, 0.71296088109683431, 0.33342640743202095, 0.30438049000849154, -0.13015395164920776, 0.18663308751788915, 0.19030719831089771, 0.25788005455315177, 0.039535703734372651, -0.2890581208367019, -0.24161363041244524, 0.29904725578972524, 0.27486333482315845, -0.16263159416696757, -0.028297731474037063, -0.028297731474037063, 0.0063739454132837464, -0.016263610217180965, 0.039451799764426629, -0.12705411809709227, 0.25042403804303831, -0.10230313596968792, 0.055690352968522219, -0.031663604206621912, 0.23896856189519472, 0.069312736335958192, 1.0, 0.17136287173121045, -0.16250121427608982, 0.11121271962327221, 0.15763231510432768, 0.13359077532591393, 0.040631749683271989, 0.29788622421271371, -0.11292776761919222, -0.3101119675202304, 0.034703366010018076], [0.32002637927220157, 0.24220383594246334, 0.19422887582817761, 0.3501942062496109, 0.30524871628382122, 0.26456234612958601, 0.20558109394301455, 0.17656846425556608, 0.12025108043953506, 0.12837582864581926, -0.0048647864417840454, 0.17300905948876938, 0.10766079499658691, 0.15212994786408138, 0.29377703067143607, 0.35041529517097891, 0.26913280314667543, 0.24314072590358812, 0.19068231705388855, 0.17210684423624073, 0.33454309595304427, 0.28046256752687171, 0.28046256752687171, 0.23975045839298723, 0.37548667476774072, 0.34900553985533511, 0.23854174611138038, 0.26667969954237952, 0.27552183703745203, 0.2572792332732724, 0.17581678943496806, 0.23193130961300909, 0.22271744731762791, 0.17136287173121045, 1.0, -0.015035560636652826, 0.13772458907857607, 0.23984377202964458, -0.16189306052357719, 0.053157715648515839, -0.027724730525108193, 0.27411690754461571, -0.30313954784500519, 0.23194626569314997], [0.314816284792302, -0.040082257255102532, 0.16895321879667366, 0.37334955938349323, 0.54406850004348428, 0.40843192721366117, 0.10644801798107355, 0.23595263674200004, 0.040875622323510323, 0.3199484022830924, 0.065960910249278817, 0.58394780338254626, 0.400484357803297, -0.0044631420584992894, 0.25927627417690335, 0.45197209488643697, 0.39791524544076234, 0.28606010475321353, 0.18072848499814792, 0.48240594085998167, -0.17213192801842994, 0.21279696599889122, 0.21279696599889122, 0.17638031331259277, 0.30136960339509977, 0.33360420795593149, 0.53551688186331425, 0.2198910698849178, 0.55513991676747299, 0.20195619015550967, 0.2093603784083598, 0.20931207457172643, 0.3807521655491507, -0.16250121427608982, -0.015035560636652826, 1.0, 0.43013385408587679, 0.077841517026161447, 0.21649039924039323, -0.12256835174318814, 0.07445773775251803, 0.54691936345346548, -0.14527954389090306, -0.043644353840497897], [0.31373424913721132, 0.22265469952866068, 0.28940618561063758, 0.30884413433362651, 0.3459357193556149, 0.24700106063990451, 0.052528320146109642, 0.39969717778703379, 0.11753669631551798, 0.17657217250761648, 0.12760547217200061, 0.31989555982678003, 0.33425382479573157, -0.0061618679352411247, 0.58956463121896685, 0.29049390345781984, 0.38954437220307853, 0.411425951095376, 0.20707317451580506, 0.20590147502324041, -0.039050264037726601, 0.14501031129752692, 0.14501031129752692, 0.20669291077665336, 0.35792753546028294, 0.32934039280472205, 0.38775383051683621, 0.099380936681333534, 0.35462344250719197, 0.094890844759263279, 0.22996676344144706, 0.11982376687570349, 0.20625533453460712, 0.11121271962327221, 0.13772458907857607, 0.43013385408587679, 1.0000000000000002, 0.080689526623398969, 0.25461241979721005, 0.13417899859382931, 0.26476702997030205, 0.33698374610444187, -0.042627074409367957, 0.22674885642533113], [0.43720018941493805, 0.40774986231060384, 0.13327702154920021, 0.29121496095327859, 0.24907198416391951, 0.32237308463007752, 0.40406138076508979, 0.11097487494957436, 0.19022514241372682, 0.32495247349648138, -0.043952145211787419, 0.35000024037428679, 0.36830982022106623, 0.65283846727739769, 0.26180904218455403, 0.34462900181873191, 0.12878467890839618, 0.088216898104845481, 0.13559491042433006, 0.14381697317597752, 0.14565437082514049, 0.0735486793844774, 0.0735486793844774, 0.039308867722083592, 0.18099144177398627, 0.2213144086657334, 0.1524023757392636, 0.38952106324758284, 0.28314305455024019, -0.0082201095325531385, 0.23904388272979857, 0.36078736459317529, 0.43741585773207459, 0.15763231510432768, 0.23984377202964458, 0.077841517026161447, 0.080689526623398969, 1.0, -0.37558426726255451, 0.12943842106544098, 0.047736252618952972, 0.22053176501129909, -0.3288011634381191, 0.20136607711868151], [-0.086775733917999337, -0.12273403124499242, -0.16749435403489946, -0.14493010224680308, -0.020867089874080161, 0.0082142821932290177, -0.05956469846381738, 0.10871851546726127, 0.075280022916734649, 0.10150683552242615, 0.20651684733774628, 0.023379893491421076, 0.068437257048548708, -0.26791439700758052, -0.0033429269222737712, -0.040474492499221859, -0.077131883032422355, -0.04830901841120161, 0.063244628668776934, 0.094100662365682972, -0.25783836067233762, -0.05167524897335115, -0.05167524897335115, -0.015474501026845555, 0.040111138539729689, 0.033920102850389162, 0.059251064399664093, -0.13242302839751777, -0.039003139730804805, 0.020560858467568957, -0.17886743620485504, -0.066614249748791932, -0.085785146226179956, 0.13359077532591393, -0.16189306052357719, 0.21649039924039323, 0.25461241979721005, -0.37558426726255451, 1.0, 0.037332434319222764, 0.19025167274782012, 0.017053957856865438, 0.093598070411478843, -0.19936493435442801], [0.074707866012702961, 0.21836887274453601, 0.08897123204105846, 0.14947365192054862, 0.00060508668945083899, 0.034311717882298427, 0.038033181448834129, 0.034425011760020191, -0.0066307686171273575, 0.031005006906733558, -0.018326261782670033, 0.00583167895307067, 0.072403076686921489, 0.15422538184206627, 0.044605346383035392, 0.059929206441987883, 0.11288193195144626, 0.088610609847076791, -0.072112161995308066, -0.00096888689162851393, -0.0067282362400327353, 0.018364426706778913, 0.018364426706778913, 0.02474212629588457, 0.025118464565786827, 0.0077993467368432214, -0.029478185402499676, 0.015978084475336544, 0.054708772974035785, -0.08015538957020639, 0.10565350127536582, 0.042939875114539457, 0.018164082744981193, 0.040631749683271989, 0.053157715648515839, -0.12256835174318814, 0.13417899859382931, 0.12943842106544098, 0.037332434319222764, 1.0, -0.053301516904277896, -0.067751135806792553, 0.022197627293067287, 0.16546445115987082], [0.095773472152737529, 0.13204415072303158, -0.20297347023562229, -0.095690207061079849, -0.023449490879447362, 0.11168342696350587, 0.048431776520943118, 0.31749487761886042, 0.264888299048883, 0.28438089275174444, 0.41877622322341701, 0.041979643719289958, 0.34098003163735613, 0.11167787862480669, 0.31543750699847772, 0.027343700377138194, -0.1888400338421907, -0.19271330096245556, 0.26300422274354862, 0.2073866928370442, -0.15996328260359136, 0.040978673641407878, 0.040978673641407878, 0.11340754339731889, 0.060795146599285539, 0.069041474300299083, -0.040884015019187259, 0.047060109796964851, -0.014760022095990637, 0.0037797005534008095, 0.0013469220389427247, -0.024290280211919799, 0.034473784765388163, 0.29788622421271371, -0.027724730525108193, 0.07445773775251803, 0.26476702997030205, 0.047736252618952972, 0.19025167274782012, -0.053301516904277896, 1.0, -0.015015323573686514, -0.1228236256598028, 0.0004547240256623789], [0.35536165963509397, 0.11440194717636186, 0.42983829074869379, 0.53662129731393049, 0.57532686805891031, 0.36988734862230577, 0.087463105797382007, 0.14811740871646645, 0.15408886036383942, 0.22291430464515513, -0.059150838065425627, 0.55670136627300015, 0.31024431849985695, 0.084258541474930601, 0.44915004433630218, 0.49962130337161653, 0.48061775316875111, 0.44371706285619528, 0.088088771622199094, 0.20891453457507422, 0.2158142082156983, 0.39465070693055737, 0.39465070693055737, 0.36132777140541905, 0.52909841581277528, 0.72343422313507755, 0.54581961894226727, 0.23432327727504496, 0.55076245159852499, 0.20224572616565692, 0.17125326871642119, 0.1266555666514389, 0.43096629351864663, -0.11292776761919222, 0.27411690754461571, 0.54691936345346548, 0.33698374610444187, 0.22053176501129909, 0.017053957856865438, -0.067751135806792553, -0.015015323573686514, 1.0, -0.16514483345976891, 0.033748585776402495], [-0.52531852167060744, -0.29853396452407815, 0.2954094844884016, -0.1265086771663983, -0.16183097337547614, -0.56202273562735228, -0.25824452696417716, -0.19405495298019992, -0.24573851942384906, -0.28670376962734739, -0.29381181612026153, -0.12311267322934659, -0.23820515564888917, -0.33597760284621447, -0.29081951039406345, -0.43803178886141814, 0.16982472291628331, 0.19955753563703341, -0.39185704974392782, -0.54613820310084571, 0.022797227634828145, -0.11549286499533652, -0.11549286499533652, -0.12866048525647894, -0.19882604106453131, -0.28514550643053088, -0.050693465643682829, -0.74333875676273109, -0.28668587595534212, -0.074081737570743655, -0.090393235432856517, -0.20326084170127368, -0.26747973775106609, -0.3101119675202304, -0.30313954784500519, -0.14527954389090306, -0.04