['ComsxFac', 'ExAggFan', 'ExAggbeh', 'Exhibit', 'Fetish', 'HypSxRat', 'Inhadhd', 'JuvDelFc', 'JuvDrgFc', 'JuvaslFc', 'Masadeq', 'PAAgFan', 'PAFght', 'PAcnang', 'PCD', 'ParaRat', 'Pnchldad', 'Pnchldjv', 'Pnearex', 'Pnheter', 'Pnhomo', 'Pnvio', 'Pnvioad', 'Pnviojv', 'Sadbehr', 'Sadtot', 'Scatol', 'SxPrFAC', 'Voyeur', 'age', 'anxwom', 'attadhd', 'conchr', 'dralcadu', 'erecdys', 'genderversion', 'hoswom', 'impul', 'lkemp', 'lkprtkg', 'negmas', 'sadfanr', 'sxdeny', 'sxperanx']
[[25.059928172283335, 10.676367141775401, 3.6790842567898423, 10.15341030763207, 7.4185251131498555, 19.539037285434215, 5.0936553217041558, 2.5526653788956417, 2.6614489544196478, 5.0981717083453351, 3.1709718472563075, 4.8890222372813392, 6.9322056021029788, 7.081799219399457, 5.9190338604599191, 13.961902489190942, 1.9237101688465812, 1.741606333188725, 5.6012146980817574, 7.9479026577492649, 5.6620113665477252, 0.74494200006851996, 0.74494200006851996, 0.12359983111926097, 10.786070661975709, 10.064884143555327, 7.2590178690671392, 17.895967270359094, 11.702875188637366, 0.76023147496116261, 4.0859602591041781, 2.6055663560423752, 7.8094057442277736, 4.6386567274796144, 3.4728868549337863, 0, 3.94128030335655, 10.734150256097484, -3.4844416074903055, 4.0261790512428943, 0.51949986642059209, 6.4007640938953037, -13.657031007023853, 4.55370303559548], [10.676367141775401, 25.099800796022265, 5.7874727400461321, 2.8351236017798165, 4.6723209476449856, 7.7103144507440451, 4.9170341077613315, 3.9191500236131191, 4.1840847546233002, 7.8348611909837391, 8.6188982888750196, 5.5722616306712496, 10.032082825728247, 11.237800167700399, 4.4598891362629924, 7.5334778675191219, 3.0966784305908273, 3.6458564821100237, 4.7881070232830263, 3.2676040797911732, 1.9556800170399073, 0.24300675980809361, 0.24300675980809361, 0.89756722781878839, 5.9917669079762126, 6.6858432409577055, 5.4079611788335278, 8.9649411213048094, 6.1802580377570271, 1.3545882553450981, 5.7042994347861216, 2.4154242542883293, 6.1950160061712474, 6.602724042343544, 2.172475925898508, 0, 3.5383215079293238, 9.9976773285823182, -2.2835123191944553, 6.4435923204134529, 5.0557268180593056, 6.1270223237163561, -9.9098082716076288, 7.8197336439868304], [3.6790842567898423, 5.7874727400461321, 11.532562594670797, 6.4432034237953637, 8.9019766589471168, 3.8745532724622227, 0, 7.9589997884667545, 5.7336630928877295, 7.8428045267050877, 3.8002225702638852, 6.4842864773278839, 7.9851843268342657, 1.6496160621396152, 5.7393564727857784, 9.4668737976421173, 7.3909602354273005, 6.9456951191907468, 4.0409585150151699, 4.9756887767894389, 4.4849897954701827, 5.2627877599427046, 5.2627877599427046, 5.0536269285787432, 7.05525870528112, 7.1877464721951716, 7.9399953941720947, 2.9806323152479219, 9.7445491281935421, 6.1188704622184495, 3.6145676698205795, 0, 3.8302557883570687, 7.543138651623627, 1.2358244060187749, 0, 3.9374734721310576, 2.9250003468665438, 0.37168486152979319, -0.27588893151865684, 4.0466857787433739, 6.5981225055498287, -3.2565784720531954, 3.1661088637473385], [10.15341030763207, 2.8351236017798165, 6.4432034237953637, 19.157244060668017, 11.328298623174941, 8.9854752217957454, 1.8517222580211055, 6.4145868901138092, 4.3107175511475537, 5.1170744594612074, -1.658456600897859, 5.8946049336341249, 5.7708143301929757, 1.256741521110933, 6.3620040188165863, 16.876317850487073, 7.2689707376407018, 7.2391149380790401, 5.2182668128936847, 5.556326899090573, 5.1841448701396171, 1.0726945528262877, 1.0726945528262877, 0.51495555407226434, 9.2315306528358185, 9.7258521194476728, 6.5261300927824113, 6.6375751247828401, 11.412393179555075, 4.9062484367079531, 4.2140440755795527, 0.35296052726848842, 5.3424049551870185, 2.8307632146535475, 2.2849506247924158, 0, 3.1062554445077422, 4.1487330889926159, 0.37493375701712034, 1.5966186256213837, -0.042224483348275048, 8.3613334872953367, -6.1133757363454686, 2.5248856680570446], [7.4185251131498555, 4.6723209476449856, 8.9019766589471168, 11.328298623174941, 25.079872407968907, 7.1515523441210496, 2.1910535515057119, 7.2350373059742861, 3.9853482364300286, 5.6613439113718558, 0.99064933157552226, 5.7962881309128074, 6.4016336409975949, 2.5149431500164674, 6.7284289974958025, 17.671024465340796, 7.5315264665110746, 6.8862601706891962, 3.4410978560781564, 4.7405810557414281, 4.2548575090927212, 0.55006902915273226, 0.55006902915273226, -0.010523448677522427, 7.7719321083341546, 9.8241229337400355, 7.5417553041518683, 6.8471207612112357, 10.238197157605333, 5.1544159308153397, 3.0239752136890514, 2.880350420241292, 5.7703400180204527, 3.8338012056328492, 1.8797148177450915, 0, 3.4266770876780202, 5.1353200458469201, -2.0099999584325485, 0.8502542940160579, 0.65841348439929359, 9.4954634908496196, -7.0591742957259456, 1.8224817586400575], [19.539037285434215, 7.7103144507440451, 3.8745532724622227, 8.9854752217957454, 7.1515523441210496, 25.119713374160938, 3.991721160426918, 3.3316986120009675, 3.8412756824709628, 4.7370599613596696, 2.7596211387764686, 4.2149726959090827, 5.6053886976437779, 5.6191130723721736, 5.9898864385798802, 12.295295760462848, 3.3564695054832669, 3.125770720221964, 5.3328079715977559, 10.601759145412721, 6.981719156164262, 2.000853678136373, 2.000853678136373, 1.2467841150693688, 10.893377085685524, 10.655622872336094, 7.0930245754298493, 16.992022814697016, 10.066396827329502, 2.6377932979800605, 3.0557253128987076, 2.8758043379206586, 7.1721119747314752, 5.057616038220841, 3.8213685440174583, 0, 3.6883104773549795, 8.1139467632392002, -0.69006535406075986, 2.9679876108093639, 0.91572386604361111, 7.3789719623954726, -13.937727879734696, 2.7610284497742956], [5.0936553217041558, 4.9170341077613315, 0, 1.8517222580211055, 2.1910535515057119, 3.991721160426918, 20.124611797498108, -0.07580506672953928, 2.8922481160013414, 8.2002091186189805, 1.0643737217747948, 1.7367755589116916, 5.8905673335048645, 7.6296019679301166, 0, 3.6302096557184647, 0.032590290803016862, 0.28109000933099776, 0.69942418422327979, 1.5703725844932526, 0.90862790390028436, 0.67253969433657856, 0.67253969433657856, 0.85442090426523842, 0.93675422113544404, 1.6779751510617251, 1.6833376774746975, 4.8804863372380698, 2.5153482371924598, 0.017314283466861896, 0.23744682236220374, 10.545206106724173, 6.7816161217024975, 3.2264660106704222, 0, 0, -0.13306144468684097, 8.4452227500448682, -3.0142259557552116, 1.8079645243311344, 0.41115971457441364, 1.9317061428073286, -4.8098613941531196, 1.4625504781156862], [2.5526653788956417, 3.9191500236131191, 7.9589997884667545, 6.4145868901138092, 7.2350373059742861, 3.3316986120009675, -0.07580506672953928, 15.297058540778355, 10.319558014826354, 9.7625819010385033, 3.6276631433833515, 7.3610329878774943, 7.905356962441223, 1.1434414626292937, 5.0458122263690308, 8.8653827099871343, 11.574304114829845, 10.382944897953697, 3.3819844199680866, 4.2112376132712264, 4.0895431243509828, 0.70717559202020663, 0.70717559202020663, 0.22398648746969835, 9.5111758037245515, 10.982426752208633, 8.2274498295025822, 1.8119834274341051, 8.2169930340873396, 10.643361039281162, 1.1948607361196075, -0.78139811770613199, 1.5785338290100559, 9.3324927325466458, 0.65397215348455018, 0, 3.8255939595643484, 1.6602119677430685, 2.4522100585339577, 0.21471330115139542, 3.8566523319167052, 10.722606270279273, -2.8941917800814294, 3.5725427797994338], [2.6614489544196478, 4.1840847546233002, 5.7336630928877295, 4.3107175511475537, 3.9853482364300286, 3.8412756824709628, 2.8922481160013414, 10.319558014826354, 15.394804318340652, 9.4106895407566942, 5.7183036492501298, 3.9455006642168882, 7.5682943718121845, 2.7209807728572453, 4.8632222972439401, 4.7216674689725755, 8.7722207917102057, 7.9170876774677579, 3.967121530122959, 4.7706691953336691, 4.4892205158437557, 0.071113677934854055, 0.071113677934854055, -0.59734411587412328, 5.9101744424885441, 6.4580253035385544, 5.0421593385353756, 2.8063768007423571, 4.1334904874638569, 5.6673879761475998, 0.78194537507935635, 0.99585966622043753, 2.8434012639445756, 12.450824207752447, 2.1543997616421069, 0, 1.591945595475893, 3.1380670696758215, 0.95478090999363707, 0.55701975098409218, 5.4133735144600186, 6.0207727022021817, -4.1311067046950782, 4.335070827575259], [5.0981717083453351, 7.8348611909837391, 7.8428045267050877, 5.1170744594612074, 5.6613439113718558, 4.7370599613596696, 8.2002091186189805, 9.7625819010385033, 9.4106895407566942, 25.119713374160941, 3.4275814824027395, 7.5616215691655215, 12.078846349473867, 7.5293252888167137, 5.7141893268575572, 6.1332136295057333, 7.297651997724258, 6.8597204903238111, 3.9319203115121213, 3.7339646776009903, 4.1186815979630271, 0.11330413843592678, 0.11330413843592678, -0.32282750599181681, 4.7878001804053829, 7.3714059580288058, 4.5764416433406705, 4.1325374883994392, 4.8136931737616351, 7.0444028758853019, 1.7302015827200874, 7.2922074910787833, 5.300347871468321, 8.8205255371073399, 2.652509317440189, 0, 2.5272844391545881, 8.1474939306199428, 1.0894073579816523, 3.4834146878998875, 4.5113606983207806, 7.7054889266846631, -5.2701315188365498, 3.2827047194657322], [3.1709718472563075, 8.6188982888750196, 3.8002225702638852, -1.658456600897859, 0.99064933157552226, 2.7596211387764686, 1.0643737217747948, 3.6276631433833515, 5.7183036492501298, 3.4275814824027395, 25.119713374160941, -3.0986931127071959, 4.6464184361002481, 1.8868995720693071, 4.5634580268330511, 1.2309031046475869, 0.73143116291063726, 1.5255499018958165, 5.0561397482371051, 4.1115037272453101, 3.579087067033091, -0.11487088292785749, -0.11487088292785749, 1.5602204267442266, 2.2763587330276667, 1.889348923120088, 4.8504072785096453, 5.1739642784800095, 1.0220092674970493, -0.80930932493488772, -2.1858806112749916, -1.1406353431753313, -4.5621352484355651, 7.1430789755665867, 3.6096159495089224, 0, 1.138725058355003, -1.8452359420110724, 4.080385197492217, 2.6811819341398038, 10.382043563532893, 1.0541707863113738, -8.7762047330436079, 0.6819000912383244], [4.8890222372813392, 5.5722616306712496, 6.4842864773278839, 5.8946049336341249, 5.7962881309128074, 4.2149726959090827, 1.7367755589116916, 7.3610329878774943, 3.9455006642168882, 7.5616215691655215, -3.0986931127071959, 25.059928172283332, 9.5374199987682058, 6.5430508668285849, 4.1142748425444831, 8.9392410514995078, 7.7641533400472253, 6.5537401886070592, 2.644043043764059, 2.2496621478905769, 2.0538135005830913, 0.18990616667547497, 0.18990616667547497, -0.56004084360394124, 6.5432187563594333, 8.9705620331399167, 3.8136224223745576, 3.0360443802290167, 9.0131867232639635, 6.7041190806447144, 1.579470568181004, 0.17756404969729103, 7.2913825631670202, 4.7002170883665366, -0.036765097787047681, 0, 3.1353031832257989, 8.0262609754055561, -0.15065341332203672, 1.4005955704673285, 0.35351071321421368, 8.435418053463966, -3.3569634418567085, 0.41182905945242648], [6.9322056021029788, 10.032082825728247, 7.9851843268342657, 5.7708143301929757, 6.4016336409975949, 5.6053886976437779, 5.8905673335048645, 7.905356962441223, 7.5682943718121845, 12.078846349473867, 4.6464184361002481, 9.5374199987682058, 25.079872407968907, 11.08564695377977, 5.9529330562141158, 8.4045026713011328, 6.0763040379137241, 5.0566246908664159, 5.1252154244372212, 4.974983126165732, 4.7607685398935251, -0.0030354022891982773, -0.0030354022891982773, -0.44820993401990161, 6.5158844480165232, 7.9874010494904502, 5.6063363306584151, 4.2933911834244158, 7.9614382655207487, 4.8902724965480653, 3.6260141537800519, 4.4565593588086774, 6.1485330245635543, 8.7278778361740716, 1.6290436038228644, 0, 5.4604048141902153, 10.268012108748636, -0.63237674089563756, 4.8725429223490035, 7.103589606754019, 6.8065194189188531, -5.6703865953547181, 4.377701052065353], [7.081799219399457, 11.237800167700399, 1.6496160621396152, 1.256741521110933, 2.5149431500164674, 5.6191130723721736, 7.6296019679301166, 1.1434414626292937, 2.7209807728572453, 7.5293252888167137, 1.8868995720693071, 6.5430508668285849, 11.08564695377977, 25.03996805109783, 2.592108718471303, 3.8472383218068145, 1.0876157311288239, 1.0362818698582639, 2.9220933642247759, 2.5925550937883783, 2.148045252529144, -1.1156060980111795, -1.1156060980111795, -1.8461691920854539, 0.84194734091568513, 1.7314016456304333, 2.9914579809766795, 8.368342901695808, 3.6715024066706716, -1.0415910381650537, 1.8329884336320053, 3.4604528929039371, 8.6374362395890945, 3.8017213359836712, 1.1470683049158032, 0, -1.3142297072952833, 17.18457608799255, -7.4107928339388094, 5.0389509731294311, 1.407614164260331, 2.1204267988244854, -8.4776384707907511, 3.1138426781440072], [5.9190338604599191, 4.4598891362629924, 5.7393564727857784, 6.3620040188165863, 6.7284289974958025, 5.9898864385798802, 0, 5.0458122263690308, 4.8632222972439401, 5.7141893268575572, 4.5634580268330511, 4.1142748425444831, 5.9529330562141158, 2.592108718471303, 11.575836902790225, 7.3869866981153374, 4.3737281488455571, 4.1084842616698829, 2.9958321309940006, 4.8304947059149077, 4.0478676015262147, 5.4330851086122234, 5.4330851086122234, 4.950830895431908, 8.4868410928629672, 7.9129365188888592, 5.2522435779177261, 5.2266340957539477, 7.1373807144408534, 2.9136565403251069, 3.609090754058724, 0, 3.2227969252555573, 4.8754141057301386, 2.3483693878698708, 0, 3.1821387031393238, 2.5893211644944292, 0.43343848320878547, 0.0070112436142938349, 4.5792108268591942, 5.9236303221561304, -4.6790683991881599, 3.7922401871667], [13.961902489190942, 7.5334778675191219, 9.4668737976421173, 16.876317850487073, 17.671024465340796, 12.295295760462848, 3.6302096557184647, 8.8653827099871343, 4.7216674689725755, 6.1332136295057333, 1.2309031046475869, 8.9392410514995078, 8.4045026713011328, 3.8472383218068145, 7.3869866981153374, 25.059928172283335, 9.367944887220446, 8.4276547896300453, 4.9749646549962527, 7.0317894344394016, 6.1028194740577737, 1.4789200379115677, 1.4789200379115677, 0.7502097496238942, 12.021711138428632, 13.574447087186464, 12.689569880850437, 11.019297794561862, 20.223050878030641, 6.5633949335644717, 5.4354256522451623, 1.8263707791127586, 7.9112149077817104, 5.3090255311205894, 2.8315656036300125, 0, 5.0310633400021461, 6.8491581913965334, -1.3843109548880963, 2.9010525000656413, 0.14692064826073534, 11.520134808872536, -10.617816787129915, 3.1051100797273614], [1.9237101688465812, 3.0966784305908273, 7.3909602354273005, 7.2689707376407018, 7.5315264665110746, 3.3564695054832669, 0.032590290803016862, 11.574304114829845, 8.7722207917102057, 7.297651997724258, 0.73143116291063726, 7.7641533400472253, 6.0763040379137241, 1.0876157311288239, 4.3737281488455571, 9.367944887220446, 18.055470085267789, 14.633332535820864, 4.2185698982640583, 4.515053580070381, 4.8294652783297431, 2.26071291584798, 2.26071291584798, 0.8281008892499887, 8.4425283608431823, 10.062536482225394, 6.9862443151394977, 1.4758481077244479, 7.3990787866295982, 9.6276146520240307, 2.0534137851359486, -1.1664197695990035, 2.8872163569774134, 7.1919849706889849, -0.56129090020547567, 0, 3.9614640689323335, 1.6314159621000319, 1.482971533036068, 0.34283550403174473, 2.498806273704655, 10.159571840434438, -2.0434294693336286, 2.7477887974089525], [1.741606333188725, 3.6458564821100237, 6.9456951191907468, 7.2391149380790401, 6.8862601706891962, 3.125770720221964, 0.28109000933099776, 10.382944897953697, 7.9170876774677579, 6.8597204903238111, 1.5255499018958165, 6.5537401886070592, 5.0566246908664159, 1.0362818698582639, 4.1084842616698829, 8.4276547896300453, 14.633332535820864, 15.06651917331936, 4.1376222840170369, 3.6947735443807264, 4.4851806082795136, 5.5779495483572008, 5.5779495483572008, 6.1078350473897096, 6.8157346523265021, 8.0879676226419459, 7.2368791058164987, 1.7177342772503441, 6.3827534767442673, 7.583747975155303, 2.4440393699489062, -1.0879802046420426, 2.520861705279505, 6.5663394787029565, -0.39034616492862856, 0, 3.7669006462128878, 1.2886112907907679, 1.6361110805945325, 0.073354447693467287, 3.0497783575349606, 8.3608814432967993, -2.3356105797829563, 3.2444241043030817], [5.6012146980817574, 4.7881070232830263, 4.0409585150151699, 5.2182668128936847, 3.4410978560781564, 5.3328079715977559, 0.69942418422327979, 3.3819844199680866, 3.967121530122959, 3.9319203115121213, 5.0561397482371051, 2.644043043764059, 5.1252154244372212, 2.9220933642247759, 2.9958321309940006, 4.9749646549962527, 4.2185698982640583, 4.1376222840170369, 15.394804318340652, 8.2853832981509061, 10.10721958402385, 6.4324753400846602, 6.4324753400846602, 7.4437440806271944, 3.2780853615564967, 3.2010753804800123, 4.256130757661885, 5.8866468859054564, 4.2804766500264284, 1.6852751729134443, 5.074813029588654, -0.080884122251345683, 2.8160079052781262, 4.2816204010554797, 2.6587892980432093, 0, 2.2104393666927611, 3.5706333928985172, 1.0660800300084332, -0.35207679657439617, 5.1683865078714568, 2.5231800676225435, -6.2933920537255181, 2.6419362719545627], [7.9479026577492649, 3.2676040797911732, 4.9756887767894389, 5.556326899090573, 4.7405810557414281, 10.601759145412721, 1.5703725844932526, 4.2112376132712264, 4.7706691953336691, 3.7339646776009903, 4.1115037272453101, 2.2496621478905769, 4.974983126165732, 2.5925550937883783, 4.8304947059149077, 7.0317894344394016, 4.515053580070381, 3.6947735443807264, 8.2853832981509061, 19.672315572905998, 13.504543474697197, 3.425767278105194, 3.425767278105194, 2.2884739992856917, 6.3175296448281131, 6.621479568151643, 4.7017732836157506, 9.2554816342811392, 6.5610612543016265, 3.1251612654415579, 3.5563274031824021, -0.78927700308673776, 2.7653406472265556, 3.8055061110384072, 3.3603914156540267, 0, 1.9056597444151686, 2.6647529629417694, 0.74687200920623553, -0.42255060187057802, 3.0034845201819307, 5.7364854402725447, -8.7129986211802972, 0.13198508418746777], [5.6620113665477252, 1.9556800170399073, 4.4849897954701827, 5.1841448701396171, 4.2548575090927212, 6.981719156164262, 0.90862790390028436, 4.0895431243509828, 4.4892205158437557, 4.1186815979630271, 3.579087067033091, 2.0538135005830913, 4.7607685398935251, 2.148045252529144, 4.0478676015262147, 6.1028194740577737, 4.8294652783297431, 4.4851806082795136, 10.10721958402385, 13.504543474697197, 18.055470085267789, 7.0970394388814775, 7.0970394388814775, 5.4516231240604762, 4.3862219411977197, 4.550412579658639, 3.3746036265940025, 6.5182777820500952, 5.7457020311868883, 2.9600170778153845, 4.740174206455956, -1.0091732741272239, 1.8886851392854003, 4.7019113201627141, 2.9953155493506598, 0, 1.6915156972026013, 2.4547727312487293, 0.75421982433663926, 0.47853700732712273, 2.7265362751371285, 4.1222551990942318, -6.6748762226604761, 0.7944032013211848], [0.74494200006851996, 0.24300675980809361, 5.2627877599427046, 1.0726945528262877, 0.55006902915273226, 2.000853678136373, 0.67253969433657856, 0.70717559202020663, 0.071113677934854055, 0.11330413843592678, -0.11487088292785749, 0.18990616667547497, -0.0030354022891982773, -1.1156060980111795, 5.4330851086122234, 1.4789200379115677, 2.26071291584798, 5.5779495483572008, 6.4324753400846602, 3.425767278105194, 7.0970394388814775, 18.520259177452136, 18.520259177452136, 15.961016797854418, 1.2801148778378821, 1.244688638423171, 0.14944349980789773, -0.44300773697269785, 1.8997260293029479, 0.2780289236646345, 4.6413888854869381, -0.73870412565945232, 0.49096076239381936, 0.059209164907082806, 0.37506243601864131, 0, 0.48536057071615746, -1.0447691320168171, 1.4004595947832101, 1.7173387520357655, 0.23372277543336997, 1.2313885839279877, 0.81575777703983265, 0.8827446461882088], [0.74494200006851996, 0.24300675980809361, 5.2627877599427046, 1.0726945528262877, 0.55006902915273226, 2.000853678136373, 0.67253969433657856, 0.70717559202020663, 0.071113677934854055, 0.11330413843592678, -0.11487088292785749, 0.18990616667547497, -0.0030354022891982773, -1.1156060980111795, 5.4330851086122234, 1.4789200379115677, 2.26071291584798, 5.5779495483572008, 6.4324753400846602, 3.425767278105194, 7.0970394388814775, 18.520259177452136, 18.520259177452136, 15.961016797854418, 1.2801148778378821, 1.244688638423171, 0.14944349980789773, -0.44300773697269785, 1.8997260293029479, 0.2780289236646345, 4.6413888854869381, -0.73870412565945232, 0.49096076239381936, 0.059209164907082806, 0.37506243601864131, 0, 0.48536057071615746, -1.0447691320168171, 1.4004595947832101, 1.7173387520357655, 0.23372277543336997, 1.2313885839279877, 0.81575777703983265, 0.8827446461882088], [0.12359983111926097, 0.89756722781878839, 5.0536269285787432, 0.51495555407226434, -0.010523448677522427, 1.2467841150693688, 0.85442090426523842, 0.22398648746969835, -0.59734411587412328, -0.32282750599181681, 1.5602204267442266, -0.56004084360394124, -0.44820993401990161, -1.8461691920854539, 4.950830895431908, 0.7502097496238942, 0.8281008892499887, 6.1078350473897096, 7.4437440806271944, 2.2884739992856917, 5.4516231240604762, 15.961016797854418, 15.961016797854418, 16.61324772583615, 0.16070140352086787, 0.17411131971553417, -0.16012724869700334, -0.46056404350099411, 1.3277405320110669, -0.075277220370056519, 5.1214016152426636, -0.63333085915573084, -1.1201010357237315, 0.15724943676963909, 0.81971842060317124, 0, 0.22751146732164745, -1.9049482708733274, 1.7544784670200837, 1.1329176521850681, 1.5232685806401014, 0.49906552062805404, 0.28846095384909798, 1.535060268589129], [10.786070661975709, 5.9917669079762126, 7.05525870528112, 9.2315306528358185, 7.7719321083341546, 10.893377085685524, 0.93675422113544404, 9.5111758037245515, 5.9101744424885441, 4.7878001804053829, 2.2763587330276667, 6.5432187563594333, 6.5158844480165232, 0.84194734091568513, 8.4868410928629672, 12.021711138428632, 8.4425283608431823, 6.8157346523265021, 3.2780853615564967, 6.3175296448281131, 4.3862219411977197, 1.2801148778378821, 1.2801148778378821, 0.16070140352086787, 25.059928172283328, 22.417507802034727, 6.2602809832422661, 7.2125026611060497, 9.8218451742548485, 5.5235671000147759, 2.0818664411768175, 1.3975422460408593, 5.1426053068702942, 6.5812963132641533, 4.376969138681722, 0, 6.4370733304083894, 3.4114752126478445, 2.0648309840717687, 4.1051809034675255, 1.3367651326228454, 12.289838925750635, -6.8865754626232532, 2.924580645610531], [10.064884143555327, 6.6858432409577055, 7.1877464721951716, 9.7258521194476728, 9.8241229337400355, 10.655622872336094, 1.6779751510617251, 10.982426752208633, 6.4580253035385544, 7.3714059580288058, 1.889348923120088, 8.9705620331399167, 7.9874010494904502, 1.7314016456304333, 7.9129365188888592, 13.574447087186464, 10.062536482225394, 8.0879676226419459, 3.2010753804800123, 6.621479568151643, 4.550412579658639, 1.244688638423171, 1.244688638423171, 0.17411131971553417, 22.417507802034727, 25.059928172283335, 7.0170289135659889, 7.4118307995341892, 10.87997570021353, 8.7869193431102435, 1.7392950247681986, 1.6875663970055315, 6.2059160894433161, 7.7545803300864602, 3.6135833255938445, 0, 5.7452585245554095, 4.2841057984841555, 1.4461667689380118, 1.4923024649304018, 1.067989314421383, 20.307965806799139, -7.6190213921196364, 3.1718896863772668], [7.2590178690671392, 5.4079611788335278, 7.9399953941720947, 6.5261300927824113, 7.5417553041518683, 7.0930245754298493, 1.6833376774746975, 8.2274498295025822, 5.0421593385353756, 4.5764416433406705, 4.8504072785096453, 3.8136224223745576, 5.6063363306584151, 2.9914579809766795, 5.2522435779177261, 12.689569880850437, 6.9862443151394977, 7.2368791058164987, 4.256130757661885, 4.7017732836157506, 3.3746036265940025, 0.14944349980789773, 0.14944349980789773, -0.16012724869700334, 6.2602809832422661, 7.0170289135659889, 25.079872407968903, 6.5364194814897969, 7.2189163154317439, 5.0193962631536566, 0.85713091239183392, 0.34166516733865376, 3.4593474571013481, 5.6482524465387103, 1.8786223582283754, 0, 4.4855478866294538, 2.2974367924374333, 1.8436804256923292, 0.78452631800433836, 1.2206414876013714, 5.8765284757972926, -6.644003038522639, 1.0911969758393434], [17.895967270359094, 8.9649411213048094, 2.9806323152479219, 6.6375751247828401, 6.8471207612112357, 16.992022814697016, 4.8804863372380698, 1.8119834274341051, 2.8063768007423571, 4.1325374883994392, 5.1739642784800095, 3.0360443802290167, 4.2933911834244158, 8.368342901695808, 5.2266340957539477, 11.019297794561862, 1.4758481077244479, 1.7177342772503441, 5.8866468859054564, 9.2554816342811392, 6.5182777820500952, -0.44300773697269785, -0.44300773697269785, -0.46056404350099411, 7.2125026611060497, 7.4118307995341892, 6.5364194814897969, 25.03996805109783, 9.2276885969097329, -0.68154399310661395, 1.8871842205322666, 2.9870248938706068, 6.4904370586020788, 4.2906915679741759, 4.4518565268731889, 0, -0.64175805407802922, 9.0344199604226247, -4.4790867645161727, 2.9440634251304236, -1.6296899635683191, 6.2046359430394, -18.612858395507534, 2.0064668418676646], [11.702875188637366, 6.1802580377570271, 9.7445491281935421, 11.412393179555075, 10.238197157605333, 10.066396827329502, 2.5153482371924598, 8.2169930340873396, 4.1334904874638569, 4.8136931737616351, 1.0220092674970493, 9.0131867232639635, 7.9614382655207487, 3.6715024066706716, 7.1373807144408534, 20.223050878030641, 7.3990787866295982, 6.3827534767442673, 4.2804766500264284, 6.5610612543016265, 5.7457020311868883, 1.8997260293029479, 1.8997260293029479, 1.3277405320110669, 9.8218451742548485, 10.87997570021353, 7.2189163154317439, 9.2276885969097329, 25.059928172283335, 5.2208930456188378, 5.2790701497911048, 0.71185748836115392, 6.9561328913854954, 5.0780204196814962, 3.0042129924993239, 0, 3.686626155396183, 6.3924873354702001, -2.1356228730260742, 3.3427494283108223, 0.73985653040379717, 8.9744762000121003, -9.3173759712052426, 2.7644939106949646], [0.76023147496116261, 1.3545882553450981, 6.1188704622184495, 4.9062484367079531, 5.1544159308153397, 2.6377932979800605, 0.017314283466861896, 10.643361039281162, 5.6673879761475998, 7.0444028758853019, -0.80930932493488772, 6.7041190806447144, 4.8902724965480653, -1.0415910381650537, 2.9136565403251069, 6.5633949335644717, 9.6276146520240307, 7.583747975155303, 1.6852751729134443, 3.1251612654415579, 2.9600170778153845, 0.2780289236646345, 0.2780289236646345, -0.075277220370056519, 5.5235671000147759, 8.7869193431102435, 5.0193962631536566, -0.68154399310661395, 5.2208930456188378, 25.159491250818249, 1.0196910183517449, 1.6943858188351464, 0.1801790416810547, 6.3759835368069249, 0.25084920412151707, 0, 3.1165472159022083, 0.92184687075182992, 1.8163098689916004, -1.4135705374665501, -1.2606601918719633, 9.5823350107780687, -0.16313574384513757, 0.93899611368246017], [4.0859602591041781, 5.7042994347861216, 3.6145676698205795, 4.2140440755795527, 3.0239752136890514, 3.0557253128987076, 0.23744682236220374, 1.1948607361196075, 0.78194537507935635, 1.7302015827200874, -2.1858806112749916, 1.579470568181004, 3.6260141537800519, 1.8329884336320053, 3.609090754058724, 5.4354256522451623, 2.0534137851359486, 2.4440393699489062, 5.074813029588654, 3.5563274031824021, 4.740174206455956, 4.6413888854869381, 4.6413888854869381, 5.1214016152426636, 2.0818664411768175, 1.7392950247681986, 0.85713091239183392, 1.8871842205322666, 5.2790701497911048, 1.0196910183517449, 25.099800796022265, 0.97077908802920998, 1.2844795776933533, 1.483900240202445, 2.2225673076612593, 0, 4.4901498626747554, 4.5497350865148434, -3.6914080318731637, 4.3812160323509923, 1.3627956062764095, 1.2421227568881432, -0.15595261710433017, 11.273824658752401], [2.6055663560423752, 2.4154242542883293, 0, 0.35296052726848842, 2.880350420241292, 2.8758043379206586, 10.545206106724173, -0.78139811770613199, 0.99585966622043753, 7.2922074910787833, -1.1406353431753313, 0.17756404969729103, 4.4565593588086774, 3.4604528929039371, 0, 1.8263707791127586, -1.1664197695990035, -1.0879802046420426, -0.080884122251345683, -0.78927700308673776, -1.0091732741272239, -0.73870412565945232, -0.73870412565945232, -0.63333085915573084, 1.3975422460408593, 1.6875663970055315, 0.34166516733865376, 2.9870248938706068, 0.71185748836115392, 1.6943858188351464, 0.97077908802920998, 20.124611797498108, 4.5688400056454173, 3.6002582180344538, 0, 0, 0.66843139656113593, 5.8706187470491589, -2.9559112296052308, 2.2208036984307471, -1.526871127889267, 1.2244879378826383, -2.1571093199964491, 1.4701910533194029], [7.8094057442277736, 6.1950160061712474, 3.8302557883570687, 5.3424049551870185, 5.7703400180204527, 7.1721119747314752, 6.7816161217024975, 1.5785338290100559, 2.8434012639445756, 5.300347871468321, -4.5621352484355651, 7.2913825631670202, 6.1485330245635543, 8.6374362395890945, 3.2227969252555573, 7.9112149077817104, 2.8872163569774134, 2.520861705279505, 2.8160079052781262, 2.7653406472265556, 1.8886851392854003, 0.49096076239381936, 0.49096076239381936, -1.1201010357237315, 5.1426053068702942, 6.2059160894433161, 3.4593474571013481, 6.4904370586020788, 6.9561328913854954, 0.1801790416810547, 1.2844795776933533, 4.5688400056454173, 25.079872407968907, 0.964150572685049, 2.314367001034948, 0, 3.1495956702836732, 11.764145294969721, -5.3937799028255835, 1.2998273241119418, -2.9988352309601032, 4.8781858079033462, -6.2971558617984584, -0.5326698504878552], [4.6386567274796144, 6.602724042343544, 7.543138651623627, 2.8307632146535475, 3.8338012056328492, 5.057616038220841, 3.2264660106704222, 9.3324927325466458, 12.450824207752447, 8.8205255371073399, 7.1430789755665867, 4.7002170883665366, 8.7278778361740716, 3.8017213359836712, 4.8754141057301386, 5.3090255311205894, 7.1919849706889849, 6.5663394787029565, 4.2816204010554797, 3.8055061110384072, 4.7019113201627141, 0.059209164907082806, 0.059209164907082806, 0.15724943676963909, 6.5812963132641533, 7.7545803300864602, 5.6482524465387103, 4.2906915679741759, 5.0780204196814962, 6.3759835368069249, 1.483900240202445, 3.6002582180344538, 0.964150572685049, 20.71231517720798, 3.1935175746542974, 0, 2.0033106863255328, 4.4617216096016552, 1.4705931558899048, 1.5802368041417718, 5.5755564965866258, 6.9856636983773397, -5.9487909045182388, 4.8404691556208377], [3.4728868549337863, 2.172475925898508, 1.2358244060187749, 2.2849506247924158, 1.8797148177450915, 3.8213685440174583, 0, 0.65397215348455018, 2.1543997616421069, 2.652509317440189, 3.6096159495089224, -0.036765097787047681, 1.6290436038228644, 1.1470683049158032, 2.3483693878698708, 2.8315656036300125, -0.56129090020547567, -0.39034616492862856, 2.6587892980432093, 3.3603914156540267, 2.9953155493506598, 0.37506243601864131, 0.37506243601864131, 0.81971842060317124, 4.376969138681722, 3.6135833255938445, 1.8786223582283754, 4.4518565268731889, 3.0042129924993239, 0.25084920412151707, 2.2225673076612593, 0, 2.314367001034948, 3.1935175746542974, 15.033296378372908, 0, 0.28935501488504572, 2.0880460917040957, 0.20156294445370571, 0.4530144261728607, 1.0060109394607883, 1.955341656255309, -7.2011983026640962, -0.68022889278789833], [0, 0, 0, 0, 0, 0, 0, 0, 0, 0, 0, 0, 0, 0, 0, 0, 0, 0, 0, 0, 0, 0, 0, 0, 0, 0, 0, 0, 0, 0, 0, 0, 0, 0, 0, 0, 0, 0, 0, 0, 0, 0, 0, 0], [3.94128030335655, 3.5383215079293238, 3.9374734721310576, 3.1062554445077422, 3.4266770876780202, 3.6883104773549795, -0.13306144468684097, 3.8255939595643484, 1.591945595475893, 2.5272844391545881, 1.138725058355003, 3.1353031832257989, 5.4604048141902153, -1.3142297072952833, 3.1821387031393238, 5.0310633400021461, 3.9614640689323335, 3.7669006462128878, 2.2104393666927611, 1.9056597444151686, 1.6915156972026013, 0.48536057071615746, 0.48536057071615746, 0.22751146732164745, 6.4370733304083894, 5.7452585245554095, 4.4855478866294538, -0.64175805407802922, 3.686626155396183, 3.1165472159022083, 4.4901498626747554, 0.66843139656113593, 3.1495956702836732, 2.0033106863255328, 0.28935501488504572, 0, 25.119713374160938, 0.86485337787758276, 5.8399812893623322, 3.6762107355226936, 4.5389305120055292, 2.9122086871663999, 0.97480717063402678, 3.9290656599903309], [10.734150256097484, 9.9976773285823182, 2.9250003468665438, 4.1487330889926159, 5.1353200458469201, 8.1139467632392002, 8.4452227500448682, 1.6602119677430685, 3.1380670696758215, 8.1474939306199428, -1.8452359420110724, 8.0262609754055561, 10.268012108748636, 17.18457608799255, 2.5893211644944292, 6.8491581913965334, 1.6314159621000319, 1.2886112907907679, 3.5706333928985172, 2.6647529629417694, 2.4547727312487293, -1.0447691320168171, -1.0447691320168171, -1.9049482708733274, 3.4114752126478445, 4.2841057984841555, 2.2974367924374333, 9.0344199604226247, 6.3924873354702001, 0.92184687075182992, 4.5497350865148434, 5.8706187470491589, 11.764145294969721, 4.4617216096016552, 2.0880460917040957, 0, 0.86485337787758276, 25.03996805109783, -10.960909006315802, 4.9720683016624658, -0.41860311947138035, 3.9034472056835328, -8.4339383909691001, 4.8618570531888832], [-3.4844416074903055, -2.2835123191944553, 0.37168486152979319, 0.37493375701712034, -2.0099999584325485, -0.69006535406075986, -3.0142259557552116, 2.4522100585339577, 0.95478090999363707, 1.0894073579816523, 4.080385197492217, -0.15065341332203672, -0.63237674089563756, -7.4107928339388094, 0.43343848320878547, -1.3843109548880963, 1.482971533036068, 1.6361110805945325, 1.0660800300084332, 0.74687200920623553, 0.75421982433663926, 1.4004595947832101, 1.4004595947832101, 1.7544784670200837, 2.0648309840717687, 1.4461667689380118, 1.8436804256923292, -4.4790867645161727, -2.1356228730260742, 1.8163098689916004, -3.6914080318731637, -2.9559112296052308, -5.3937799028255835, 1.4705931558899048, 0.20156294445370571, 0, 5.8399812893623322, -10.960909006315802, 25.119713374160934, 0.85044597859243709, 4.4573262371361517, 0.12039468802728442, 3.5574757489598401, -3.6151722397081478], [4.0261790512428943, 6.4435923204134529, -0.27588893151865684, 1.5966186256213837, 0.8502542940160579, 2.9679876108093639, 1.8079645243311344, 0.21471330115139542, 0.55701975098409218, 3.4834146878998875, 2.6811819341398038, 1.4005955704673285, 4.8725429223490035, 5.0389509731294311, 0.0070112436142938349, 2.9010525000656413, 0.34283550403174473, 0.073354447693467287, -0.35207679657439617, -0.42255060187057802, 0.47853700732712273, 1.7173387520357655, 1.7173387520357655, 1.1329176521850681, 4.1051809034675255, 1.4923024649304018, 0.78452631800433836, 2.9440634251304236, 3.3427494283108223, -1.4135705374665501, 4.3812160323509923, 2.2208036984307471, 1.2998273241119418, 1.5802368041417718, 0.4530144261728607, 0, 3.6762107355226936, 4.9720683016624658, 0.85044597859243709, 25.159491250818249, 0.26020481952739138, -0.28804104184603935, -2.2591923954639292, 5.8465373895589527], [0.51949986642059209, 5.0557268180593056, 4.0466857787433739, -0.042224483348275048, 0.65841348439929359, 0.91572386604361111, 0.41115971457441364, 3.8566523319167052, 5.4133735144600186, 4.5113606983207806, 10.382043563532893, 0.35351071321421368, 7.103589606754019, 1.407614164260331, 4.5792108268591942, 0.14692064826073534, 2.498806273704655, 3.0497783575349606, 5.1683865078714568, 3.0034845201819307, 2.7265362751371285, 0.23372277543336997, 0.23372277543336997, 1.5232685806401014, 1.3367651326228454, 1.067989314421383, 1.2206414876013714, -1.6296899635683191, 0.73985653040379717, -1.2606601918719633, 1.3627956062764095, -1.526871127889267, -2.9988352309601032, 5.5755564965866258, 1.0060109394607883, 0, 4.5389305120055292, -0.41860311947138035, 4.4573262371361517, 0.26020481952739138, 25.119713374160941, 0.35811922441949234, -0.32469541697525278, 2.8859360825988674], [6.4007640938953037, 6.1270223237163561, 6.5981225055498287, 8.3613334872953367, 9.4954634908496196, 7.3789719623954726, 1.9317061428073286, 10.722606270279273, 6.0207727022021817, 7.7054889266846631, 1.0541707863113738, 8.435418053463966, 6.8065194189188531, 2.1204267988244854, 5.9236303221561304, 11.520134808872536, 10.159571840434438, 8.3608814432967993, 2.5231800676225435, 5.7364854402725447, 4.1222551990942318, 1.2313885839279877, 1.2313885839279877, 0.49906552062805404, 12.289838925750635, 20.307965806799139, 5.8765284757972926, 6.2046359430394, 8.9744762000121003, 9.5823350107780687, 1.2421227568881432, 1.2244879378826383, 4.8781858079033462, 6.9856636983773397, 1.955341656255309, 0, 2.9122086871663999, 3.9034472056835328, 0.12039468802728442, -0.28804104184603935, 0.35811922441949234, 25.079872407968907, -6.5471074281464228, 3.3067194132649753], [-13.657031007023853, -9.9098082716076288, -3.2565784720531954, -6.1133757363454686, -7.0591742957259456, -13.937727879734696, -4.8098613941531196, -2.8941917800814294, -4.1311067046950782, -5.2701315188365498, -8.7762047330436079, -3.3569634418567085, -5.6703865953547181, -8.4776384707907511, -4.6790683991881599, -10.617816787129915, -2.0434294693336286, -2.3356105797829563, -6.2933920537255181, -8.7129986211802972, -6.6748762226604761, 0.81575777703983265, 0.81575777703983265, 0.28846095384909798, -6.8865754626232532, -7.6190213921196364, -6.644003038522639, -18.612858395507534, -9.3173759712052426, -0.16313574384513757, -0.15595261710433017, -2.1571093199964491, -6.2971558617984584, -5.9487909045182388, -7.2011983026640962, 0, 0.97480717063402678, -8.4339383909691001, 3.5574757489598401, -2.2591923954639292, -0.32469541697525278, -6.5471074281464228, 25.03996805109783, -1.4457958365427681], [4.55370303559548, 7.8197336439868304, 3.1661088637473385, 2.5248856680570446, 1.8224817586400575, 2.7610284497742956, 1.4625504781156862, 3.5725427797994338, 4.335070827575259, 3.2827047194657322, 0.6819000912383244, 0.41182905945242648, 4.377701052065353, 3.1138426781440072, 3.7922401871667, 3.1051100797273614, 2.7477887974089525, 3.2444241043030817, 2.6419362719545627, 0.13198508418746777, 0.7944032013211848, 0.8827446461882088, 0.8827446461882088, 1.535060268589129, 2.924580645610531, 3.1718896863772668, 1.0911969758393434, 2.0064668418676646, 2.7644939106949646, 0.93899611368246017, 11.273824658752401, 1.4701910533194029, -0.5326698504878552, 4.8404691556208377, -0.68022889278789833, 0, 3.9290656599903309, 4.8618570531888832, -3.6151722397081478, 5.8465373895589527, 2.8859360825988674, 3.3067194132649753, -1.4457958365427681, 25.119713374160941]]